	e100	e101	e102	e103	e104	e105	e106	e107	e108	e109	e110	e111	e112	e64	e65	e66	e67	e68	e69	e70	e71	e72	e73	e74	e75	e76	e77	e78	e79	e80	e81	e82	e83	e84	e85	e86	e87	e88	e89	e90	e91	e92	e93	e94	e95	e96	e97	e98	e99
e100	0.0	0.6836158192090396	0.5864440078585462	0.7659804983748646	0.8954802259887006	0.9035904255319149	0.9642567018683996	0.8523956723338485	0.9559884559884559	0.9614035087719298	0.8845108695652174	0.9481327800829875	0.9198581560283688	0.9169329073482428	0.9303178484107579	0.8878591288229842	0.9131334022750776	0.9166666666666666	0.9531428571428572	0.9069264069264069	0.9165009940357853	0.925498426023085	0.8806706114398422	0.9196242171189979	0.9144942648592284	0.8820422535211268	0.9045904590459046	0.8868940754039497	0.9118432769367765	0.9162248144220573	0.8697478991596639	0.9007220216606499	0.9384615384615385	0.8887573964497042	0.9324324324324325	0.9247648902821317	0.9403765690376569	0.9534883720930233	0.8979391560353287	0.9431472081218274	0.9402843601895735	0.9694868238557559	0.9245098039215687	0.9424390243902439	0.8969276511397423	0.905982905982906	0.8981481481481481	0.652046783625731	0.5777548918640577
e101	0.6836158192090396	0.0	0.6315298507462687	0.737012987012987	0.9013112491373361	0.9074918566775244	0.9715864246250987	0.8641141141141141	0.9583333333333334	0.9678302532511978	0.8947716743878227	0.9505420054200542	0.9325533379215416	0.9248971193415638	0.9376470588235294	0.8936936936936937	0.91991991991992	0.9147727272727273	0.9557522123893806	0.9232365145228216	0.9301435406698565	0.9352226720647774	0.8923809523809524	0.9251769464105156	0.9158215010141988	0.8877463581833762	0.910761154855643	0.8828193832599119	0.9158716392020815	0.9230769230769231	0.8571428571428571	0.903169014084507	0.9348697394789579	0.9011363636363636	0.9278455284552846	0.930161943319838	0.940996948118006	0.9454545454545454	0.8975095785440613	0.9478346456692913	0.9209039548022598	0.9774535809018567	0.9140926640926641	0.9499527856468366	0.9039385206532181	0.9074074074074074	0.9064676616915422	0.6763602251407129	0.6757518796992481
e102	0.5864440078585462	0.6315298507462687	0.0	0.7559217301750772	0.9018157363819771	0.9050350541746335	0.9685341519570223	0.8632040965618142	0.956641431520991	0.964572192513369	0.8904020752269779	0.9525691699604744	0.9257759784075573	0.9096385542168675	0.9284903518728718	0.8779840848806366	0.9073170731707317	0.9029574861367837	0.9442658092175777	0.8989795918367347	0.9107142857142857	0.9231527093596059	0.8652214891611687	0.9014925373134328	0.9085545722713865	0.870042194092827	0.8942390369733448	0.8705780845556514	0.9012765957446809	0.9144278606965174	0.855	0.8837814397224631	0.9404990403071017	0.8971553610503282	0.9265426052889324	0.9182266009852217	0.9454191033138402	0.9501625135427952	0.8880597014925373	0.937799043062201	0.9306306306306307	0.9760403530895334	0.9143389199255121	0.9392824287028518	0.8953271028037383	0.9049327354260089	0.8942774005819593	0.6288951841359773	0.6203615604186489
e103	0.7659804983748646	0.737012987012987	0.7559217301750772	0.0	0.9479084451460142	0.947290274684484	0.9794721407624634	0.9236051502145923	0.9738396624472574	0.9795751633986928	0.9414853713428357	0.9729299363057324	0.9546925566343042	0.9218106995884774	0.9047619047619048	0.9026047565118913	0.9322916666666666	0.9465558194774347	0.9668174962292609	0.9255172413793104	0.9434194341943419	0.9298245614035088	0.9082125603864735	0.9251336898395722	0.9185580774365821	0.9165797705943691	0.9397849462365592	0.8912087912087913	0.9401069518716577	0.9310810810810811	0.9235668789808917	0.9455128205128205	0.9665809768637532	0.9190839694656489	0.9470899470899471	0.9486166007905138	0.9573333333333334	0.943127962085308	0.9518213866039953	0.9615384615384616	0.9540094339622641	0.9698189134808853	0.9490291262135923	0.9673123486682809	0.9373493975903614	0.9425947187141217	0.9367088607594937	0.740983606557377	0.776595744680851
e104	0.8954802259887006	0.9013112491373361	0.9018157363819771	0.9479084451460142	0.0	0.48686371100164205	0.7859504132231405	0.6535685645549318	0.7862426035502958	0.7636632200886263	0.6676342525399129	0.7536337209302325	0.7814052519517388	0.9542314335060449	0.9641472868217055	0.9032258064516129	0.9248704663212435	0.9139072847682119	0.956766917293233	0.955767562879445	0.9501226492232215	0.9518072289156626	0.9316720257234726	0.9531516183986372	0.9426369863013698	0.9195571955719557	0.9187739463601533	0.8610007942811755	0.8815165876777251	0.9379912663755459	0.9407839866555463	0.9054263565891473	0.9256993006993007	0.9518963922294172	0.9345549738219895	0.9420415224913494	0.9558823529411765	0.9571020019065777	0.9124690338563171	0.9426369863013698	0.9011725293132329	0.9859307359307359	0.9330578512396694	0.9076923076923077	0.9399837793998378	0.928343949044586	0.9188034188034188	0.9010452961672474	0.9032033426183844
e105	0.9035904255319149	0.9074918566775244	0.9050350541746335	0.947290274684484	0.48686371100164205	0.0	0.7518072289156627	0.6825989544436146	0.7528901734104047	0.7336213102951764	0.643361581920904	0.7197724039829303	0.7512127512127512	0.9359605911330049	0.957542908762421	0.9020044543429844	0.9195775792038993	0.9094457455113193	0.9517543859649122	0.9364686468646864	0.9296325254104769	0.9328419328419328	0.9173047473200613	0.9368932038834952	0.9337641357027464	0.9037508846426043	0.8975681650700074	0.8527190332326284	0.8722764838467317	0.9265676567656765	0.9372549019607843	0.9016874541452677	0.9122516556291391	0.9527085124677558	0.9321340964840557	0.9365853658536586	0.9478827361563518	0.9473214285714285	0.9165378670788253	0.9277010560519903	0.8921490880253767	0.978	0.9207843137254902	0.8909682668836453	0.9325153374233128	0.920814479638009	0.910411622276029	0.9044166117336849	0.8992042440318302
e106	0.9642567018683996	0.9715864246250987	0.9685341519570223	0.9794721407624634	0.7859504132231405	0.7518072289156627	0.0	0.8717532467532467	0.6640316205533597	0.6884469696969697	0.8385885885885885	0.7502191060473269	0.7123534715960325	0.9581920903954803	0.9586114819759679	0.9415708812260536	0.9482948294829483	0.9409937888198758	0.954140127388535	0.9554794520547946	0.9482029598308668	0.9490950226244343	0.9568706118355065	0.9601769911504425	0.9558498896247241	0.9461883408071748	0.9314285714285714	0.922859830667921	0.9173871277617676	0.9344827586206896	0.9651898734177216	0.9314938154138915	0.9257142857142857	0.9631449631449631	0.9480812641083521	0.9398410896708286	0.9603624009060022	0.953185955786736	0.944558521560575	0.9406494960806271	0.9276729559748428	0.976303317535545	0.9408033826638478	0.8974358974358975	0.9472595656670114	0.9493041749502982	0.935659760087241	0.9654618473895582	0.9629032258064516
e107	0.8523956723338485	0.8641141141141141	0.8632040965618142	0.9236051502145923	0.6535685645549318	0.6825989544436146	0.8717532467532467	0.0	0.8220211161387632	0.8043478260869565	0.6066613798572561	0.7699248120300752	0.766566265060241	0.9643183897529735	0.9719626168224299	0.9105219552609777	0.9351598173515981	0.9259581881533101	0.9627766599597586	0.9554317548746518	0.9512619669277633	0.955045871559633	0.927038626609442	0.9526411657559198	0.9471766848816029	0.9171227521501173	0.9240710823909531	0.8594276094276094	0.8995884773662551	0.9472222222222222	0.9327956989247311	0.9109477124183006	0.9400921658986175	0.9491525423728814	0.944547134935305	0.9456221198156682	0.9632352941176471	0.9600409836065574	0.9178321678321678	0.9471766848816029	0.914612676056338	0.9858156028368794	0.9405594405594405	0.9217625899280576	0.9432013769363167	0.9335016835016835	0.9257246376811594	0.8512269938650306	0.8412083656080558
e108	0.9559884559884559	0.9583333333333334	0.956641431520991	0.9738396624472574	0.7862426035502958	0.7528901734104047	0.6640316205533597	0.8220211161387632	0.0	0.48540856031128404	0.7633093525179856	0.6376811594202898	0.6359761295822677	0.9620493358633776	0.9663409337676439	0.9411276948590381	0.9497206703910615	0.9330357142857143	0.9602094240837696	0.9647619047619047	0.9580357142857143	0.9603399433427762	0.9551724137931035	0.9578256794751641	0.966728280961183	0.9451840250587314	0.9270315091210614	0.9213759213759214	0.9093198992443325	0.9422521655437921	0.9640610961365679	0.9288668320926385	0.9224806201550387	0.9664292980671414	0.9495718363463368	0.9466666666666667	0.9648622981956315	0.9550802139037433	0.9445910290237467	0.946277097078228	0.9263252470799641	0.9838909541511772	0.9442446043165468	0.9047169811320754	0.9478337754199824	0.9468723221936589	0.9390018484288355	0.9586305278174037	0.9540889526542324
e109	0.9614035087719298	0.9678302532511978	0.964572192513369	0.9795751633986928	0.7636632200886263	0.7336213102951764	0.6884469696969697	0.8043478260869565	0.48540856031128404	0.0	0.7202337472607743	0.6154499151103565	0.6277310924369748	0.9745222929936306	0.9824380165289256	0.9511609287429944	0.9559352517985612	0.944110060189166	0.9657258064516129	0.9743589743589743	0.9637305699481865	0.9690909090909091	0.966804979253112	0.9675383228133454	0.9732381801962533	0.9569160997732427	0.9375500400320256	0.9319620253164557	0.9214574898785425	0.9469767441860465	0.9650959860383944	0.9290322580645162	0.9338919925512105	0.9745845552297165	0.9578368469294225	0.948291782086796	0.9659300184162063	0.9609053497942387	0.951530612244898	0.95077484047402	0.9303135888501742	0.9893364928909952	0.9504347826086956	0.9055912007332723	0.9582623509369677	0.9492089925062448	0.9511545293072824	0.9624739402362752	0.9609756097560975
e110	0.8845108695652174	0.8947716743878227	0.8904020752269779	0.9414853713428357	0.6676342525399129	0.643361581920904	0.8385885885885885	0.6066613798572561	0.7633093525179856	0.7202337472607743	0.0	0.5937254901960785	0.6584454409566517	0.957962813257882	0.9675967596759676	0.9208211143695014	0.9304769603880356	0.9140625	0.9560632688927944	0.9491803278688524	0.9392523364485982	0.9471974004874086	0.9259541984732824	0.9493569131832797	0.950439648281375	0.9224318658280922	0.923355025307303	0.8733233979135618	0.8724528301886793	0.9358552631578947	0.9293089753772835	0.8930163447251115	0.9162520729684909	0.9469565217391305	0.9317434210526315	0.9336065573770492	0.9518760195758564	0.9516994633273703	0.9152410575427683	0.9394184168012925	0.9011857707509882	0.9788732394366197	0.9313036690085871	0.9020242914979757	0.9313271604938271	0.9269027882441597	0.909017059301381	0.8907506702412868	0.8838622552329507
e111	0.9481327800829875	0.9505420054200542	0.9525691699604744	0.9729299363057324	0.7536337209302325	0.7197724039829303	0.7502191060473269	0.7699248120300752	0.6376811594202898	0.6154499151103565	0.5937254901960785	0.0	0.5185840707964602	0.9727352682497801	0.974	0.9453551912568307	0.9493006993006993	0.9227504244482173	0.9610516066212269	0.9661620658949243	0.9536256323777403	0.9647577092511013	0.959546925566343	0.9614711033274956	0.9634782608695652	0.952837140751658	0.9329173166926678	0.9191919191919192	0.8882591093117409	0.940379403794038	0.9575191163976211	0.9065495207667732	0.9109274563820018	0.9648622981956315	0.935862691960253	0.9350180505415162	0.9607142857142857	0.9624876604146101	0.9392173189009159	0.9441984056687334	0.9227504244482173	0.9863945578231292	0.9432684165961049	0.8992869875222816	0.9510373443983402	0.9423701298701299	0.9318181818181818	0.9521857923497268	0.9470790378006873
e112	0.9198581560283688	0.9325533379215416	0.9257759784075573	0.9546925566343042	0.7814052519517388	0.7512127512127512	0.7123534715960325	0.766566265060241	0.6359761295822677	0.6277310924369748	0.6584454409566517	0.5185840707964602	0.0	0.9655172413793104	0.970970970970971	0.9321231254932912	0.9410729991204925	0.9228813559322034	0.962135922330097	0.9597495527728086	0.947502116850127	0.9565602836879432	0.9528455284552846	0.954225352112676	0.9553805774278216	0.9474852071005917	0.9238020424194815	0.908307210031348	0.892914653784219	0.9337568058076225	0.9486740804106074	0.910174880763116	0.9120879120879121	0.9609895337773549	0.9417040358744395	0.9389587073608617	0.9542600896860987	0.951195219123506	0.9401993355481728	0.9433628318584071	0.9210526315789473	0.9829738933030647	0.9370748299319728	0.9014209591474245	0.9423558897243107	0.9346938775510204	0.9272567922874672	0.9221052631578948	0.918194640338505
e64	0.9169329073482428	0.9248971193415638	0.9096385542168675	0.9218106995884774	0.9542314335060449	0.9359605911330049	0.9581920903954803	0.9643183897529735	0.9620493358633776	0.9745222929936306	0.957962813257882	0.9727352682497801	0.9655172413793104	0.0	0.7237163814180929	0.6929012345679012	0.7074074074074074	0.7581168831168831	0.8021276595744681	0.6425619834710744	0.7047451669595782	0.6686507936507936	0.6857142857142857	0.6859344894026975	0.7164179104477612	0.6824712643678161	0.6889226100151745	0.7126269956458636	0.8063186813186813	0.7945945945945946	0.8009950248756219	0.793584379358438	0.8440677966101695	0.7370689655172413	0.7723132969034608	0.7906976744186046	0.8	0.7790178571428571	0.7758346581875993	0.7758007117437722	0.7779552715654952	0.8793103448275862	0.7661691542288557	0.8341307814992025	0.743801652892562	0.7593167701863354	0.7705479452054794	0.9135021097046413	0.9302809573361083
e65	0.9303178484107579	0.9376470588235294	0.9284903518728718	0.9047619047619048	0.9641472868217055	0.957542908762421	0.9586114819759679	0.9719626168224299	0.9663409337676439	0.9824380165289256	0.9675967596759676	0.974	0.970970970970971	0.7237163814180929	0.0	0.8071065989847716	0.8068669527896996	0.8311444652908068	0.8370165745856354	0.7530266343825666	0.8004032258064516	0.7494089834515366	0.8170055452865065	0.7946428571428571	0.7947019867549668	0.8257575757575758	0.8260162601626017	0.8155802861685215	0.8658346333853354	0.8314855875831486	0.8975332068311196	0.8773291925465838	0.875	0.7768595041322314	0.8358862144420132	0.8441558441558441	0.8615384615384616	0.7837837837837838	0.8725314183123878	0.8308351177730193	0.8462962962962963	0.8411214953271028	0.857685009487666	0.884469696969697	0.831758034026465	0.859375	0.8387096774193549	0.9170731707317074	0.9389221556886228
e66	0.8878591288229842	0.8936936936936937	0.8779840848806366	0.9026047565118913	0.9032258064516129	0.9020044543429844	0.9415708812260536	0.9105219552609777	0.9411276948590381	0.9511609287429944	0.9208211143695014	0.9453551912568307	0.9321231254932912	0.6929012345679012	0.8071065989847716	0.0	0.6341085271317829	0.746031746031746	0.7730263157894737	0.7037037037037037	0.6950354609929078	0.6841294298921418	0.6816939890710383	0.6953242835595776	0.6842900302114804	0.6267166042446941	0.6796973518284993	0.6674968866749689	0.7565011820330969	0.7863247863247863	0.7952127659574468	0.7358262967430639	0.8231292517006803	0.8021806853582555	0.7651296829971181	0.78328611898017	0.7800289435600579	0.832	0.7427440633245382	0.7645390070921986	0.7799227799227799	0.9106463878326996	0.7439024390243902	0.812987012987013	0.7376171352074966	0.7163398692810458	0.7468706536856745	0.8922374429223744	0.8940639269406393
e67	0.9131334022750776	0.91991991991992	0.9073170731707317	0.9322916666666666	0.9248704663212435	0.9195775792038993	0.9482948294829483	0.9351598173515981	0.9497206703910615	0.9559352517985612	0.9304769603880356	0.9493006993006993	0.9410729991204925	0.7074074074074074	0.8068669527896996	0.6341085271317829	0.0	0.661641541038526	0.7077922077922078	0.6937618147448015	0.6843003412969283	0.7064220183486238	0.6710097719869706	0.6566604127579737	0.7153024911032029	0.680998613037448	0.6832844574780058	0.7503392130257802	0.7191489361702128	0.7688266199649737	0.7528830313014827	0.6989869753979739	0.7925801011804384	0.7937743190661478	0.7056672760511883	0.7298747763864043	0.726605504587156	0.8449304174950298	0.66	0.7198581560283688	0.776416539050536	0.8958333333333334	0.7054908485856906	0.8028169014084507	0.6788685524126455	0.6777777777777778	0.698961937716263	0.9164969450101833	0.9174311926605505
e68	0.9166666666666666	0.9147727272727273	0.9029574861367837	0.9465558194774347	0.9139072847682119	0.9094457455113193	0.9409937888198758	0.9259581881533101	0.9330357142857143	0.944110060189166	0.9140625	0.9227504244482173	0.9228813559322034	0.7581168831168831	0.8311444652908068	0.746031746031746	0.661641541038526	0.0	0.7106796116504854	0.7450331125827815	0.6885758998435054	0.7197346600331676	0.7367668097281831	0.7079207920792079	0.7535545023696683	0.7385377942998761	0.6834924965893588	0.7556675062972292	0.6527777777777778	0.7335526315789473	0.7917888563049853	0.6857142857142857	0.7610759493670886	0.7904929577464789	0.7104825291181365	0.7427184466019418	0.7316666666666667	0.8490230905861457	0.6882530120481928	0.678391959798995	0.7837078651685393	0.9088888888888889	0.7039877300613497	0.7544910179640718	0.7149253731343284	0.7031700288184438	0.7477064220183486	0.9238820171265462	0.9237368922783603
e69	0.9531428571428572	0.9557522123893806	0.9442658092175777	0.9668174962292609	0.956766917293233	0.9517543859649122	0.954140127388535	0.9627766599597586	0.9602094240837696	0.9657258064516129	0.9560632688927944	0.9610516066212269	0.962135922330097	0.8021276595744681	0.8370165745856354	0.7730263157894737	0.7077922077922078	0.7106796116504854	0.0	0.7726269315673289	0.7254509018036072	0.7133182844243793	0.8031634446397188	0.7585470085470085	0.7693920335429769	0.8035190615835777	0.7811501597444089	0.8162650602409639	0.7731629392971247	0.734966592427617	0.8587155963302753	0.7697262479871175	0.8094262295081968	0.8561320754716981	0.729490022172949	0.7607758620689655	0.740990990990991	0.8324607329842932	0.7702205882352942	0.7239130434782609	0.8247787610619469	0.8884615384615384	0.7317554240631163	0.7837837837837838	0.7841328413284133	0.7535714285714286	0.794921875	0.9538288288288288	0.9513574660633484
e70	0.9069264069264069	0.9232365145228216	0.8989795918367347	0.9255172413793104	0.955767562879445	0.9364686468646864	0.9554794520547946	0.9554317548746518	0.9647619047619047	0.9743589743589743	0.9491803278688524	0.9661620658949243	0.9597495527728086	0.6425619834710744	0.7530266343825666	0.7037037037037037	0.6937618147448015	0.7450331125827815	0.7726269315673289	0.0	0.6121673003802282	0.6639839034205232	0.6010830324909747	0.6082474226804123	0.6514851485148515	0.7146892655367232	0.7073906485671192	0.75	0.7738264580369844	0.7509433962264151	0.7986577181208053	0.7510917030567685	0.830155979202773	0.7330415754923414	0.7579143389199255	0.7724770642201835	0.7632575757575758	0.8209606986899564	0.759349593495935	0.7795698924731183	0.8025276461295419	0.8601190476190477	0.7487266553480475	0.8471337579617835	0.7237288135593221	0.7566718995290423	0.7438162544169611	0.9151643690349947	0.9195767195767196
e71	0.9165009940357853	0.9301435406698565	0.9107142857142857	0.9434194341943419	0.9501226492232215	0.9296325254104769	0.9482029598308668	0.9512619669277633	0.9580357142857143	0.9637305699481865	0.9392523364485982	0.9536256323777403	0.947502116850127	0.7047451669595782	0.8004032258064516	0.6950354609929078	0.6843003412969283	0.6885758998435054	0.7254509018036072	0.6121673003802282	0.0	0.5882352941176471	0.6906584992343032	0.6044362292051756	0.6530973451327433	0.6956521739130435	0.6595135908440629	0.7450980392156863	0.7321668909825033	0.7228915662650602	0.8224852071005917	0.7358490566037735	0.782258064516129	0.7952468007312614	0.7317487266553481	0.7495826377295493	0.7117750439367311	0.7914230019493177	0.7455357142857143	0.7035775127768313	0.7676470588235295	0.8843373493975903	0.7154088050314465	0.779969650986343	0.7223926380368099	0.7195301027900147	0.7503949447077409	0.9165029469548134	0.9300291545189504
e72	0.925498426023085	0.9352226720647774	0.9231527093596059	0.9298245614035088	0.9518072289156626	0.9328419328419328	0.9490950226244343	0.955045871559633	0.9603399433427762	0.9690909090909091	0.9471974004874086	0.9647577092511013	0.9565602836879432	0.6686507936507936	0.7494089834515366	0.6841294298921418	0.7064220183486238	0.7197346600331676	0.7133182844243793	0.6639839034205232	0.5882352941176471	0.0	0.7170731707317073	0.6329365079365079	0.655705996131528	0.6949152542372882	0.7019374068554396	0.7301136363636364	0.7696629213483146	0.7527675276752768	0.8338658146964856	0.7578347578347578	0.7975567190226877	0.7697095435684648	0.7435424354243543	0.7693693693693694	0.7462406015037594	0.7380410022779044	0.7666666666666667	0.7294332723948812	0.7687400318979266	0.8816901408450705	0.7271186440677966	0.7533783783783784	0.7364085667215815	0.7386541471048513	0.7649063032367973	0.9175365344467641	0.9285714285714286
e73	0.8806706114398422	0.8923809523809524	0.8652214891611687	0.9082125603864735	0.9316720257234726	0.9173047473200613	0.9568706118355065	0.927038626609442	0.9551724137931035	0.966804979253112	0.9259541984732824	0.959546925566343	0.9528455284552846	0.6857142857142857	0.8170055452865065	0.6816939890710383	0.6710097719869706	0.7367668097281831	0.8031634446397188	0.6010830324909747	0.6906584992343032	0.7170731707317073	0.0	0.6254295532646048	0.654424040066778	0.6254980079681275	0.7163398692810458	0.739021329987453	0.736235595390525	0.7910906298003072	0.7372372372372372	0.7493638676844784	0.8489208633093526	0.7561837455830389	0.7739938080495357	0.791476407914764	0.7993827160493827	0.853448275862069	0.7093023255813954	0.7916041979010495	0.8051420838971584	0.9028077753779697	0.7703281027104137	0.8401639344262295	0.7031019202363368	0.7281553398058253	0.7177914110429447	0.8832684824902723	0.8775710088148874
e74	0.9196242171189979	0.9251769464105156	0.9014925373134328	0.9251336898395722	0.9531516183986372	0.9368932038834952	0.9601769911504425	0.9526411657559198	0.9578256794751641	0.9675383228133454	0.9493569131832797	0.9614711033274956	0.954225352112676	0.6859344894026975	0.7946428571428571	0.6953242835595776	0.6566604127579737	0.7079207920792079	0.7585470085470085	0.6082474226804123	0.6044362292051756	0.6329365079365079	0.6254295532646048	0.0	0.6183953033268101	0.6830985915492958	0.6875	0.7253521126760564	0.7400568181818182	0.7576853526220615	0.7832512315270936	0.7403708987161198	0.8013698630136986	0.7390396659707724	0.7279411764705882	0.7584973166368515	0.7397769516728625	0.8229166666666666	0.7351524879614767	0.7302158273381295	0.799079754601227	0.8698060941828255	0.7236180904522613	0.8204724409448819	0.7011686143572621	0.7313664596273292	0.7482993197278912	0.9151138716356108	0.9183040330920372
e75	0.9144942648592284	0.9158215010141988	0.9085545722713865	0.9185580774365821	0.9426369863013698	0.9337641357027464	0.9558498896247241	0.9471766848816029	0.966728280961183	0.9732381801962533	0.950439648281375	0.9634782608695652	0.9553805774278216	0.7164179104477612	0.7947019867549668	0.6842900302114804	0.7153024911032029	0.7535545023696683	0.7693920335429769	0.6514851485148515	0.6530973451327433	0.655705996131528	0.654424040066778	0.6183953033268101	0.0	0.694868238557559	0.7332382310984308	0.7311977715877437	0.7527932960893855	0.7602862254025045	0.8217665615141956	0.7652777777777777	0.8272425249169435	0.7775551102204409	0.7580071174377224	0.7847222222222222	0.7608695652173914	0.8323108384458078	0.7746913580246914	0.7552447552447552	0.802731411229135	0.893048128342246	0.7848101265822784	0.8508371385083714	0.7614533965244866	0.7642642642642643	0.7735537190082644	0.9122807017543859	0.919917864476386
e76	0.8820422535211268	0.8877463581833762	0.870042194092827	0.9165797705943691	0.9195571955719557	0.9037508846426043	0.9461883408071748	0.9171227521501173	0.9451840250587314	0.9569160997732427	0.9224318658280922	0.952837140751658	0.9474852071005917	0.6824712643678161	0.8257575757575758	0.6267166042446941	0.680998613037448	0.7385377942998761	0.8035190615835777	0.7146892655367232	0.6956521739130435	0.6949152542372882	0.6254980079681275	0.6830985915492958	0.694868238557559	0.0	0.6294478527607362	0.6651053864168618	0.7491638795986622	0.8010403120936281	0.7614213197969543	0.7395715896279594	0.8370646766169154	0.7979942693409742	0.7721854304635761	0.8012903225806451	0.7923280423280423	0.8489208633093526	0.7083333333333334	0.7634691195795007	0.7966903073286052	0.9138513513513513	0.7347715736040609	0.8173076923076923	0.7209595959595959	0.7012345679012346	0.7373211963589077	0.8843478260869565	0.8841463414634146
e77	0.9045904590459046	0.910761154855643	0.8942390369733448	0.9397849462365592	0.9187739463601533	0.8975681650700074	0.9314285714285714	0.9240710823909531	0.9270315091210614	0.9375500400320256	0.923355025307303	0.9329173166926678	0.9238020424194815	0.6889226100151745	0.8260162601626017	0.6796973518284993	0.6832844574780058	0.6834924965893588	0.7811501597444089	0.7073906485671192	0.6595135908440629	0.7019374068554396	0.7163398692810458	0.6875	0.7332382310984308	0.6294478527607362	0.0	0.6997607655502392	0.7042424242424242	0.7673758865248227	0.8105670103092784	0.6916461916461917	0.778393351800554	0.8072837632776935	0.7369942196531792	0.7431850789096126	0.7183308494783904	0.8328125	0.7032085561497327	0.6979472140762464	0.7596401028277635	0.9114391143911439	0.6888888888888889	0.7350543478260869	0.6920980926430518	0.6785714285714286	0.7285318559556787	0.9066666666666666	0.9151943462897526
e78	0.8868940754039497	0.8828193832599119	0.8705780845556514	0.8912087912087913	0.8610007942811755	0.8527190332326284	0.922859830667921	0.8594276094276094	0.9213759213759214	0.9319620253164557	0.8733233979135618	0.9191919191919192	0.908307210031348	0.7126269956458636	0.8155802861685215	0.6674968866749689	0.7503392130257802	0.7556675062972292	0.8162650602409639	0.75	0.7450980392156863	0.7301136363636364	0.739021329987453	0.7253521126760564	0.7311977715877437	0.6651053864168618	0.6997607655502392	0.0	0.7419354838709677	0.7978436657681941	0.850546780072904	0.7829977628635347	0.8427109974424553	0.8258345428156749	0.8243774574049804	0.8139841688654353	0.8115746971736204	0.8262195121951219	0.7875457875457875	0.7901726427622842	0.7540983606557377	0.9283216783216783	0.7867001254705144	0.8193069306930693	0.7923832923832924	0.7818831942789034	0.7826649417852523	0.8588342440801457	0.8770197486535009
e79	0.9118432769367765	0.9158716392020815	0.9012765957446809	0.9401069518716577	0.8815165876777251	0.8722764838467317	0.9173871277617676	0.8995884773662551	0.9093198992443325	0.9214574898785425	0.8724528301886793	0.8882591093117409	0.892914653784219	0.8063186813186813	0.8658346333853354	0.7565011820330969	0.7191489361702128	0.6527777777777778	0.7731629392971247	0.7738264580369844	0.7321668909825033	0.7696629213483146	0.736235595390525	0.7400568181818182	0.7527932960893855	0.7491638795986622	0.7042424242424242	0.7419354838709677	0.0	0.7222222222222222	0.7916666666666666	0.6641697877652933	0.7471751412429378	0.8087349397590361	0.7297687861271677	0.7609001406469761	0.7279411764705882	0.8501529051987767	0.7034574468085106	0.7132564841498559	0.7595907928388747	0.9221014492753623	0.7312834224598931	0.7602649006622516	0.7235449735449735	0.694408322496749	0.7321428571428571	0.9118942731277533	0.9203152364273205
e80	0.9162248144220573	0.9230769230769231	0.9144278606965174	0.9310810810810811	0.9379912663755459	0.9265676567656765	0.9344827586206896	0.9472222222222222	0.9422521655437921	0.9469767441860465	0.9358552631578947	0.940379403794038	0.9337568058076225	0.7945945945945946	0.8314855875831486	0.7863247863247863	0.7688266199649737	0.7335526315789473	0.734966592427617	0.7509433962264151	0.7228915662650602	0.7527675276752768	0.7910906298003072	0.7576853526220615	0.7602862254025045	0.8010403120936281	0.7673758865248227	0.7978436657681941	0.7222222222222222	0.0	0.8481012658227848	0.7571428571428571	0.7486338797814208	0.7938775510204081	0.7236842105263158	0.7199248120300752	0.7137330754352031	0.7814569536423841	0.7909516380655226	0.74	0.80248833592535	0.884180790960452	0.7495826377295493	0.7671691792294807	0.7581168831168831	0.7687595712098009	0.7787162162162162	0.9196242171189979	0.9273104880581516
e81	0.8697478991596639	0.8571428571428571	0.855	0.9235668789808917	0.9407839866555463	0.9372549019607843	0.9651898734177216	0.9327956989247311	0.9640610961365679	0.9650959860383944	0.9293089753772835	0.9575191163976211	0.9486740804106074	0.8009950248756219	0.8975332068311196	0.7952127659574468	0.7528830313014827	0.7917888563049853	0.8587155963302753	0.7986577181208053	0.8224852071005917	0.8338658146964856	0.7372372372372372	0.7832512315270936	0.8217665615141956	0.7614213197969543	0.8105670103092784	0.850546780072904	0.7916666666666666	0.8481012658227848	0.0	0.7513513513513513	0.8293838862559242	0.7377690802348337	0.765993265993266	0.7851239669421488	0.8213114754098361	0.9041591320072333	0.7226502311248074	0.829153605015674	0.8394366197183099	0.9101941747572816	0.7942942942942943	0.861671469740634	0.6790322580645162	0.7136431784107946	0.7467741935483871	0.8876404494382022	0.8805355303810505
e82	0.9007220216606499	0.903169014084507	0.8837814397224631	0.9455128205128205	0.9054263565891473	0.9016874541452677	0.9314938154138915	0.9109477124183006	0.9288668320926385	0.9290322580645162	0.8930163447251115	0.9065495207667732	0.910174880763116	0.793584379358438	0.8773291925465838	0.7358262967430639	0.6989869753979739	0.6857142857142857	0.7697262479871175	0.7510917030567685	0.7358490566037735	0.7578347578347578	0.7493638676844784	0.7403708987161198	0.7652777777777777	0.7395715896279594	0.6916461916461917	0.7829977628635347	0.6641697877652933	0.7571428571428571	0.7513513513513513	0.0	0.6995581737849779	0.7854938271604939	0.6620795107033639	0.7064896755162242	0.7263313609467456	0.8666666666666667	0.7070572569906791	0.7318116975748931	0.7787610619469026	0.9075785582255084	0.6708860759493671	0.7456258411843876	0.6671289875173371	0.6486486486486487	0.7001414427157001	0.9182776801405975	0.9094942324755989
e83	0.9384615384615385	0.9348697394789579	0.9404990403071017	0.9665809768637532	0.9256993006993007	0.9122516556291391	0.9257142857142857	0.9400921658986175	0.9224806201550387	0.9338919925512105	0.9162520729684909	0.9109274563820018	0.9120879120879121	0.8440677966101695	0.875	0.8231292517006803	0.7925801011804384	0.7610759493670886	0.8094262295081968	0.830155979202773	0.782258064516129	0.7975567190226877	0.8489208633093526	0.8013698630136986	0.8272425249169435	0.8370646766169154	0.778393351800554	0.8427109974424553	0.7471751412429378	0.7486338797814208	0.8293838862559242	0.6995581737849779	0.0	0.8473282442748091	0.701688555347092	0.6954887218045113	0.7783783783783784	0.8326446280991735	0.8150375939849624	0.7460035523978685	0.786046511627907	0.9061662198391421	0.73	0.6905594405594405	0.7411003236245954	0.7545731707317073	0.7914614121510674	0.9467336683417086	0.950852557673019
e84	0.8887573964497042	0.9011363636363636	0.8971553610503282	0.9190839694656489	0.9518963922294172	0.9527085124677558	0.9631449631449631	0.9491525423728814	0.9664292980671414	0.9745845552297165	0.9469565217391305	0.9648622981956315	0.9609895337773549	0.7370689655172413	0.7768595041322314	0.8021806853582555	0.7937743190661478	0.7904929577464789	0.8561320754716981	0.7330415754923414	0.7952468007312614	0.7697095435684648	0.7561837455830389	0.7390396659707724	0.7775551102204409	0.7979942693409742	0.8072837632776935	0.8258345428156749	0.8087349397590361	0.7938775510204081	0.7377690802348337	0.7854938271604939	0.8473282442748091	0.0	0.755741127348643	0.7967806841046278	0.8	0.8035714285714286	0.7859649122807018	0.8291746641074856	0.8276450511945392	0.8270676691729323	0.8212389380530973	0.8721934369602763	0.7393715341959335	0.7738095238095238	0.7426326129666012	0.9070034443168772	0.906789413118527
e85	0.9324324324324325	0.9278455284552846	0.9265426052889324	0.9470899470899471	0.9345549738219895	0.9321340964840557	0.9480812641083521	0.944547134935305	0.9495718363463368	0.9578368469294225	0.9317434210526315	0.935862691960253	0.9417040358744395	0.7723132969034608	0.8358862144420132	0.7651296829971181	0.7056672760511883	0.7104825291181365	0.729490022172949	0.7579143389199255	0.7317487266553481	0.7435424354243543	0.7739938080495357	0.7279411764705882	0.7580071174377224	0.7721854304635761	0.7369942196531792	0.8243774574049804	0.7297687861271677	0.7236842105263158	0.765993265993266	0.6620795107033639	0.701688555347092	0.755741127348643	0.0	0.6705426356589147	0.7189292543021033	0.8273684210526315	0.7296416938110749	0.7001862197392924	0.8040123456790124	0.88268156424581	0.7	0.7670549084858569	0.6746987951807228	0.6802610114192496	0.7250437828371279	0.9322381930184805	0.9298969072164949
e86	0.9247648902821317	0.930161943319838	0.9182266009852217	0.9486166007905138	0.9420415224913494	0.9365853658536586	0.9398410896708286	0.9456221198156682	0.9466666666666667	0.948291782086796	0.9336065573770492	0.9350180505415162	0.9389587073608617	0.7906976744186046	0.8441558441558441	0.78328611898017	0.7298747763864043	0.7427184466019418	0.7607758620689655	0.7724770642201835	0.7495826377295493	0.7693693693693694	0.791476407914764	0.7584973166368515	0.7847222222222222	0.8012903225806451	0.7431850789096126	0.8139841688654353	0.7609001406469761	0.7199248120300752	0.7851239669421488	0.7064896755162242	0.6954887218045113	0.7967806841046278	0.6705426356589147	0.0	0.7344632768361582	0.8402489626556017	0.7857142857142857	0.7410071942446043	0.808282208588957	0.8739495798319328	0.696551724137931	0.7406779661016949	0.7046979865771812	0.7126984126984127	0.7521367521367521	0.9268795056642637	0.9333333333333333
e87	0.9403765690376569	0.940996948118006	0.9454191033138402	0.9573333333333334	0.9558823529411765	0.9478827361563518	0.9603624009060022	0.9632352941176471	0.9648622981956315	0.9659300184162063	0.9518760195758564	0.9607142857142857	0.9542600896860987	0.8	0.8615384615384616	0.7800289435600579	0.726605504587156	0.7316666666666667	0.740990990990991	0.7632575757575758	0.7117750439367311	0.7462406015037594	0.7993827160493827	0.7397769516728625	0.7608695652173914	0.7923280423280423	0.7183308494783904	0.8115746971736204	0.7279411764705882	0.7137330754352031	0.8213114754098361	0.7263313609467456	0.7783783783783784	0.8	0.7189292543021033	0.7344632768361582	0.0	0.7933333333333333	0.7254575707154742	0.6401590457256461	0.7901430842607313	0.8713450292397661	0.7241379310344828	0.7593856655290102	0.7336683417085427	0.715670436187399	0.7710843373493976	0.9411764705882353	0.947584789311408
e88	0.9534883720930233	0.9454545454545454	0.9501625135427952	0.943127962085308	0.9571020019065777	0.9473214285714285	0.953185955786736	0.9600409836065574	0.9550802139037433	0.9609053497942387	0.9516994633273703	0.9624876604146101	0.951195219123506	0.7790178571428571	0.7837837837837838	0.832	0.8449304174950298	0.8490230905861457	0.8324607329842932	0.8209606986899564	0.7914230019493177	0.7380410022779044	0.853448275862069	0.8229166666666666	0.8323108384458078	0.8489208633093526	0.8328125	0.8262195121951219	0.8501529051987767	0.7814569536423841	0.9041591320072333	0.8666666666666667	0.8326446280991735	0.8035714285714286	0.8273684210526315	0.8402489626556017	0.7933333333333333	0.0	0.8682842287694974	0.8202479338842975	0.7842401500938087	0.8765432098765432	0.8258426966292135	0.8192307692307692	0.8435251798561151	0.853781512605042	0.830739299610895	0.9383720930232559	0.9480369515011547
e89	0.8979391560353287	0.8975095785440613	0.8880597014925373	0.9518213866039953	0.9124690338563171	0.9165378670788253	0.944558521560575	0.9178321678321678	0.9445910290237467	0.951530612244898	0.9152410575427683	0.9392173189009159	0.9401993355481728	0.7758346581875993	0.8725314183123878	0.7427440633245382	0.66	0.6882530120481928	0.7702205882352942	0.759349593495935	0.7455357142857143	0.7666666666666667	0.7093023255813954	0.7351524879614767	0.7746913580246914	0.7083333333333334	0.7032085561497327	0.7875457875457875	0.7034574468085106	0.7909516380655226	0.7226502311248074	0.7070572569906791	0.8150375939849624	0.7859649122807018	0.7296416938110749	0.7857142857142857	0.7254575707154742	0.8682842287694974	0.0	0.6962233169129721	0.7732394366197183	0.9074889867841409	0.7332339791356185	0.7939481268011528	0.6778625954198473	0.684593023255814	0.7023622047244095	0.9045323047251688	0.9117082533589251
e90	0.9431472081218274	0.9478346456692913	0.937799043062201	0.9615384615384616	0.9426369863013698	0.9277010560519903	0.9406494960806271	0.9471766848816029	0.946277097078228	0.95077484047402	0.9394184168012925	0.9441984056687334	0.9433628318584071	0.7758007117437722	0.8308351177730193	0.7645390070921986	0.7198581560283688	0.678391959798995	0.7239130434782609	0.7795698924731183	0.7035775127768313	0.7294332723948812	0.7916041979010495	0.7302158273381295	0.7552447552447552	0.7634691195795007	0.6979472140762464	0.7901726427622842	0.7132564841498559	0.74	0.829153605015674	0.7318116975748931	0.7460035523978685	0.8291746641074856	0.7001862197392924	0.7410071942446043	0.6401590457256461	0.8202479338842975	0.6962233169129721	0.0	0.7496038034865293	0.9018567639257294	0.6983050847457627	0.7374581939799331	0.7395498392282959	0.7018927444794952	0.7571189279731994	0.9396378269617707	0.9458917835671342
e91	0.9402843601895735	0.9209039548022598	0.9306306306306307	0.9540094339622641	0.9011725293132329	0.8921490880253767	0.9276729559748428	0.914612676056338	0.9263252470799641	0.9303135888501742	0.9011857707509882	0.9227504244482173	0.9210526315789473	0.7779552715654952	0.8462962962962963	0.7799227799227799	0.776416539050536	0.7837078651685393	0.8247787610619469	0.8025276461295419	0.7676470588235295	0.7687400318979266	0.8051420838971584	0.799079754601227	0.802731411229135	0.7966903073286052	0.7596401028277635	0.7540983606557377	0.7595907928388747	0.80248833592535	0.8394366197183099	0.7787610619469026	0.786046511627907	0.8276450511945392	0.8040123456790124	0.808282208588957	0.7901430842607313	0.7842401500938087	0.7732394366197183	0.7496038034865293	0.0	0.9113082039911308	0.7700145560407569	0.7582089552238805	0.7924263674614306	0.7919463087248322	0.7776119402985074	0.9197707736389685	0.9418931583880038
e92	0.9694868238557559	0.9774535809018567	0.9760403530895334	0.9698189134808853	0.9859307359307359	0.978	0.976303317535545	0.9858156028368794	0.9838909541511772	0.9893364928909952	0.9788732394366197	0.9863945578231292	0.9829738933030647	0.8793103448275862	0.8411214953271028	0.9106463878326996	0.8958333333333334	0.9088888888888889	0.8884615384615384	0.8601190476190477	0.8843373493975903	0.8816901408450705	0.9028077753779697	0.8698060941828255	0.893048128342246	0.9138513513513513	0.9114391143911439	0.9283216783216783	0.9221014492753623	0.884180790960452	0.9101941747572816	0.9075785582255084	0.9061662198391421	0.8270676691729323	0.88268156424581	0.8739495798319328	0.8713450292397661	0.8765432098765432	0.9074889867841409	0.9018567639257294	0.9113082039911308	0.0	0.8888888888888888	0.9196217494089834	0.8878718535469108	0.89937106918239	0.8872180451127819	0.9700272479564033	0.9741496598639455
e93	0.9245098039215687	0.9140926640926641	0.9143389199255121	0.9490291262135923	0.9330578512396694	0.9207843137254902	0.9408033826638478	0.9405594405594405	0.9442446043165468	0.9504347826086956	0.9313036690085871	0.9432684165961049	0.9370748299319728	0.7661691542288557	0.857685009487666	0.7439024390243902	0.7054908485856906	0.7039877300613497	0.7317554240631163	0.7487266553480475	0.7154088050314465	0.7271186440677966	0.7703281027104137	0.7236180904522613	0.7848101265822784	0.7347715736040609	0.6888888888888889	0.7867001254705144	0.7312834224598931	0.7495826377295493	0.7942942942942943	0.6708860759493671	0.73	0.8212389380530973	0.7	0.696551724137931	0.7241379310344828	0.8258426966292135	0.7332339791356185	0.6983050847457627	0.7700145560407569	0.8888888888888888	0.0	0.6704918032786885	0.6875	0.670196671709531	0.7129032258064516	0.9191820837390458	0.9242718446601942
