	e100	e101	e102	e103	e104	e105	e106	e107	e108	e109	e110	e111	e112	e64	e65	e66	e67	e68	e69	e70	e71	e72	e73	e74	e75	e76	e77	e78	e79	e80	e81	e82	e83	e84	e85	e86	e87	e88	e89	e90	e91	e92	e93	e94	e95	e96	e97	e98	e99
e100	0.0	0.42397112911398294	0.3925705660165373	0.5148637292794357	0.6250136999349005	0.6284135250466978	0.7353766337038311	0.6194899091756857	0.7327417301117534	0.7131903345038099	0.6435774070241155	0.7286812965799229	0.6831778780451254	0.6654270882317229	0.7190646978750374	0.5938285141057065	0.6347230720491657	0.610776031708845	0.6561298364011279	0.6317324226192982	0.6151598939919054	0.6509009074543837	0.6257829902829499	0.6486745278367272	0.6312291902852979	0.5965744191060305	0.601019803738685	0.5929442416475011	0.6062695596612875	0.6128015325445862	0.6061049150321761	0.6156417491165365	0.6522548346492762	0.6496422819810359	0.6564036608503058	0.643310062471063	0.629867887721684	0.7298874914069027	0.6054662003888096	0.6428848418309506	0.6741947765030091	0.8179808789334266	0.6125869591178986	0.6416305138555477	0.6167893512903962	0.6037990524681396	0.6092475286137133	0.41076024018606405	0.37378472286120573
e101	0.42397112911398294	0.0	0.403615759009852	0.49466765051791933	0.6473009285542736	0.6427749835121769	0.750202521135348	0.6249411560911612	0.7385041194190214	0.730840996060535	0.648497069942957	0.7286457569992372	0.7141668713847278	0.6647772466172656	0.7114053982982107	0.575508203932712	0.612182371512389	0.6008489039920076	0.6522933132854968	0.624976901400828	0.6108600671994655	0.6605750010008343	0.5998750508737264	0.6281430611400193	0.6106219035265129	0.5865027854051862	0.6060217523084601	0.5675922949526606	0.6180485422532171	0.6117435009558579	0.5879086070317667	0.6054905284226502	0.6514620326430289	0.6336216192923896	0.6360449166652141	0.6395384289147472	0.6221222638379343	0.7140082375376214	0.5977353626442519	0.639694836179082	0.6498336825581228	0.809607620129385	0.6170225563131161	0.6520257210971439	0.6070667516922195	0.6094411746391879	0.6052482294499135	0.41825073246511363	0.39734046508590104
e102	0.3925705660165373	0.403615759009852	0.0	0.5355522194295833	0.6400763914773608	0.6300663113682607	0.7411402541867985	0.5955782990710619	0.727736063426928	0.7211397535170327	0.6241971216379787	0.7159868587874945	0.6888269609608595	0.6476360665830639	0.7058072837460967	0.5752092120887131	0.6012480552359118	0.610321549557897	0.6538339378164486	0.6314420294516346	0.6137607739640099	0.6503364797344294	0.5884641809133435	0.6321368316229976	0.6042723381243346	0.5557135984466657	0.5785160585135116	0.563138948455818	0.5859322191278169	0.5946748544654177	0.5862573542605284	0.5803145665822144	0.634739917271481	0.624115832656654	0.634453756369866	0.6171211875537719	0.6131392417655148	0.7275031019106254	0.573850055845358	0.6323021750228394	0.641642446981439	0.8153616484890572	0.6105051859927658	0.6360410452213299	0.6076941461816825	0.5963859768026859	0.592597710149841	0.41118036310581707	0.37965517486247996
e103	0.5148637292794357	0.49466765051791933	0.5355522194295833	0.0	0.7362109906722842	0.7268715103885488	0.796383026537187	0.6905993495616872	0.7917219564985508	0.7748859203000411	0.7201446353225011	0.7929796361369846	0.7569190711958692	0.6265494473761445	0.6516076918717767	0.607573388793241	0.6266700996218677	0.6435647544956572	0.6754424377855108	0.6165892689133888	0.6441544597459422	0.6375387502336087	0.6138787183465862	0.644862543870765	0.6102913932015418	0.6199868850152968	0.6541204775026376	0.5995481504730991	0.646146033142304	0.6344834608505091	0.6282603260894626	0.6696294446874781	0.6921452455290902	0.6156947792015014	0.6737819959309087	0.6761205270031027	0.6533325562366445	0.7059014758911746	0.6525624718433882	0.6635493154053842	0.6656166363803218	0.7502711787004047	0.647069502372434	0.6941294323409185	0.6566019670806165	0.6770025721112557	0.6295418621162691	0.5004303360238541	0.5176207215381743
e104	0.6250136999349005	0.6473009285542736	0.6400763914773608	0.7362109906722842	0.0	0.29286890519824393	0.5226222430143376	0.3982214798609843	0.5044549944164439	0.48455310354114806	0.3855472205670028	0.46438881414923316	0.4762407568488017	0.7655547855073636	0.7979000648345104	0.6544684596174887	0.6996353986557716	0.6585908614598401	0.7313919940236489	0.747325467704197	0.6988618665405766	0.7400796228457349	0.71862827398428	0.7325736185116415	0.7151546414213764	0.6766841957034406	0.6352636758678684	0.5874169001612566	0.6036271066142572	0.6795465262750315	0.711710353248029	0.6237853514349303	0.6631904094784259	0.75066734987121	0.702231271278616	0.6864491273456276	0.6892933638585294	0.7691560827224618	0.6670908021218304	0.6945502048268675	0.6853614242157001	0.8756297176350504	0.6829106904435247	0.6222326156419173	0.7074496602985346	0.6620641999055384	0.6748860336786399	0.6120744503320208	0.6346734521699378
e105	0.6284135250466978	0.6427749835121769	0.6300663113682607	0.7268715103885488	0.29286890519824393	0.0	0.49011570433606494	0.4026860797689425	0.493593682241479	0.4612660185325168	0.3865543798102085	0.47169447768117223	0.48196344626188753	0.752684036986609	0.7901305660340934	0.6642823229102359	0.6877213270521122	0.6539624672561846	0.7308782963385095	0.740687484882383	0.6984231177390476	0.7238423489592561	0.703332040307006	0.7241541537711241	0.7123647307751918	0.6628571650268804	0.648450963458172	0.5785656335263488	0.5890448281036307	0.674777202510334	0.7060262905163278	0.6413618403871475	0.6476317495872255	0.7426288560463267	0.7055822039978122	0.6816082700041789	0.6903618404962156	0.7770839000131355	0.6621319144253494	0.692467757934207	0.6761891471576312	0.8627457215896716	0.6837969594867094	0.6272156736442761	0.7039473473814641	0.6564819525942334	0.6789917663899675	0.6072289429063502	0.6358629755600161
e106	0.7353766337038311	0.750202521135348	0.7411402541867985	0.796383026537187	0.5226222430143376	0.49011570433606494	0.0	0.577273180132134	0.3644010694274809	0.3576804534126253	0.526989149851895	0.4514453684122839	0.4307036731149156	0.7894330463882863	0.793522794949721	0.7329011713070398	0.733630136062308	0.6911661112901125	0.7376037235218057	0.7679566612093636	0.7333165266785959	0.7625196006115986	0.7620017974052005	0.7625875588176261	0.7681089702823086	0.7358783014543924	0.6955003813572742	0.6741527916951302	0.6532276857077823	0.7047429745647799	0.7483326922663937	0.6792284784087124	0.6551031093317375	0.7548507344265747	0.7165160849300535	0.6978240171754149	0.7049603449468269	0.7665129620728679	0.6963924231402622	0.7072323588771358	0.704565228544077	0.8552280694175219	0.7197490279431075	0.625697306051008	0.7249251425674964	0.6983495441173342	0.7121919247645956	0.7233904233602434	0.7406429619333552
e107	0.6194899091756857	0.6249411560911612	0.5955782990710619	0.6905993495616872	0.3982214798609843	0.4026860797689425	0.577273180132134	0.0	0.5467025684369118	0.5340507763571718	0.3750981836671244	0.5106445118638718	0.5007415776294772	0.7620810250181614	0.7906410500563671	0.6502028196128686	0.6894682066239636	0.649062089877224	0.7277171779992212	0.7260530958802842	0.6904740045016153	0.7337268260732639	0.7007907629839962	0.7204997796748795	0.7035605943582045	0.6622180747724651	0.6405072757752446	0.56947119558083	0.5986492512035743	0.6795900019179058	0.6940830418820897	0.6262123708887091	0.6625790596077602	0.7280342192451017	0.7006782016013778	0.6780359243196054	0.6954746716475081	0.7787594385328974	0.6487493464156335	0.7001890381110625	0.6730333554929666	0.8594554371640469	0.6875521427730942	0.6306437504574216	0.6957327314399573	0.662683453398112	0.6589686523082825	0.5878550177241193	0.6009675773344568
e108	0.7327417301117534	0.7385041194190214	0.727736063426928	0.7917219564985508	0.5044549944164439	0.493593682241479	0.3644010694274809	0.5467025684369118	0.0	0.28082501033465007	0.47275640966152344	0.35749964920513766	0.3419536973423774	0.8024218086160397	0.8001206074796825	0.7267271186924189	0.7355857627047065	0.6925788879716663	0.7551079440332434	0.771054320494207	0.7394831671184269	0.7685242099957152	0.7611484494706398	0.7625316084167648	0.7672675443740828	0.7463169479863897	0.6922955459386362	0.6645872182914786	0.6469496283684436	0.715759750387745	0.7489449243300267	0.6684578912725677	0.6590562730937501	0.7667198893358294	0.734868450871636	0.7071866287912267	0.7236494849580593	0.7782426328159566	0.7061125941457436	0.7117422195691377	0.7125485251283425	0.8786639188725511	0.7287573975204562	0.6429445532337014	0.733078738781096	0.7031108031992533	0.707123929504075	0.7150006031655106	0.7349786693779143
e109	0.7131903345038099	0.730840996060535	0.7211397535170327	0.7748859203000411	0.48455310354114806	0.4612660185325168	0.3576804534126253	0.5340507763571718	0.28082501033465007	0.0	0.4433916741821116	0.3369925027086984	0.31614337679366317	0.8050167316795872	0.8102399583221971	0.7312741151728279	0.7281739447303469	0.6923632392830275	0.7532045339723344	0.7842656783821866	0.7442056674447687	0.7735436114816839	0.7652414109026697	0.7694102336709072	0.7750738960255275	0.7420699078137079	0.6835462002172912	0.6682031844255931	0.6560576265286645	0.7068550757811973	0.7513746723411978	0.6617012170038536	0.6622224953972162	0.7679910411196466	0.7231818498503431	0.6986640714947251	0.7133122775874602	0.7834576412633555	0.6977650051609823	0.7132126417845172	0.721013723981029	0.8747814668594335	0.7227636222740115	0.6449347064664658	0.7379504681449967	0.7053672192278669	0.708442030183613	0.7016407210814298	0.7272141100156655
e110	0.6435774070241155	0.648497069942957	0.6241971216379787	0.7201446353225011	0.3855472205670028	0.3865543798102085	0.526989149851895	0.3750981836671244	0.47275640966152344	0.4433916741821116	0.0	0.35791172467074206	0.41183634947025355	0.7674434003860813	0.7983631782939891	0.6606905449765061	0.6919319047170944	0.645399270446393	0.7306369789299265	0.7392853122224977	0.6920881969388077	0.7406237596713922	0.7083394298334927	0.7344436137999143	0.719617239219841	0.673221218206351	0.6386694373570126	0.5905696904144592	0.5767485861463716	0.684629298930458	0.6973200600966334	0.6218206564121284	0.6479129861301306	0.7454000886749029	0.694261475843217	0.6722196321165792	0.6801419035085436	0.7814035956478952	0.658702020526802	0.6871832756916012	0.6870614449650794	0.8690546358441078	0.6796454233841825	0.6161284706838943	0.694757611503789	0.6669991082828216	0.6780581664295771	0.6166730922927768	0.6377841495899521
e111	0.7286812965799229	0.7286457569992372	0.7159868587874945	0.7929796361369846	0.46438881414923316	0.47169447768117223	0.4514453684122839	0.5106445118638718	0.35749964920513766	0.3369925027086984	0.35791172467074206	0.0	0.31474699753993823	0.8061067697154297	0.80623336328411	0.7143691470089166	0.7282724170850524	0.6837729371157439	0.7541912565548816	0.7725187175173321	0.7319345650961939	0.775936238664257	0.7564674303249982	0.7647129461112324	0.7640503337447897	0.742830205626128	0.6785235482103201	0.6644592851496032	0.6202920556727985	0.7053841538901728	0.7448060821024651	0.6514742014417078	0.6403396019745052	0.7633147459236722	0.7138859568701109	0.6932894207347183	0.7112422729189364	0.7799706695147562	0.694542981609198	0.7074909451680705	0.7069195254161424	0.8797398051628279	0.7145291667340435	0.6270204267394678	0.7286959264605197	0.6956434305383953	0.701355174653448	0.7055865999565026	0.7254618661376538
e112	0.6831778780451254	0.7141668713847278	0.6888269609608595	0.7569190711958692	0.4762407568488017	0.48196344626188753	0.4307036731149156	0.5007415776294772	0.3419536973423774	0.31614337679366317	0.41183634947025355	0.31474699753993823	0.0	0.790773004696708	0.8127682716431189	0.7038585799063567	0.7184375317184033	0.6840454075547365	0.7538003079023173	0.7699326134921932	0.7256696338714074	0.7633362371917185	0.7517988959759407	0.7602767738000105	0.7521386462799193	0.7222180897223957	0.6711273943370757	0.6571373338962953	0.6290254328959056	0.7045851644862382	0.7443295347026465	0.6482294410841963	0.6537974684812495	0.7690328025389381	0.7245988715710691	0.7011828930591812	0.7155670638815428	0.7743465492948547	0.7026305644113325	0.7143613747522021	0.7063088027366407	0.8875766420309225	0.7113551824473722	0.6316433427165343	0.7224767380629878	0.6900155004816266	0.7009996103940105	0.6705707252065866	0.6850858515917896
e64	0.6654270882317229	0.6647772466172656	0.6476360665830639	0.6265494473761445	0.7655547855073636	0.752684036986609	0.7894330463882863	0.7620810250181614	0.8024218086160397	0.8050167316795872	0.7674434003860813	0.8061067697154297	0.790773004696708	0.0	0.4985834543362448	0.48055689388737644	0.48449705410973753	0.5189115028680091	0.5069977560875772	0.3981657297741629	0.4738860346555589	0.4308064195718104	0.3968694979466179	0.44263818166565694	0.43144648529460866	0.4616727963131786	0.5157533291610142	0.5302557902259293	0.5779857431418218	0.5417092373103038	0.501749912333515	0.5974570664716444	0.6065834174882063	0.49980802285132053	0.5523668908982047	0.5512779883325961	0.5360639105247766	0.5435420520997861	0.5274088410030877	0.5340156320871245	0.5458991881825302	0.635013485712619	0.5216865207138742	0.5899656191241709	0.485721973834878	0.5475017477646782	0.5066958450962465	0.6529196836962837	0.6679514465075224
e65	0.7190646978750374	0.7114053982982107	0.7058072837460967	0.6516076918717767	0.7979000648345104	0.7901305660340934	0.793522794949721	0.7906410500563671	0.8001206074796825	0.8102399583221971	0.7983631782939891	0.80623336328411	0.8127682716431189	0.4985834543362448	0.0	0.5964019231862675	0.5495698563062422	0.6015372727558896	0.5635695959649216	0.5280879498939557	0.5783007902631414	0.5228175180338921	0.5562019409737925	0.5502392570358816	0.537528110751961	0.6141933370990181	0.6241307792565158	0.6319220231749293	0.6521801440986552	0.5875665271794641	0.6178046609795663	0.6657342558094099	0.6377695610539231	0.5264727483575683	0.6216552322094643	0.6357377384990487	0.6062632144368914	0.5836040305279014	0.6111832354627854	0.5730888269917125	0.5616788685615325	0.6125245158405043	0.6201366313692237	0.6626540241063277	0.601895667672201	0.6445033356727762	0.6044830449766695	0.7066567717442362	0.7034929949240678
e66	0.5938285141057065	0.575508203932712	0.5752092120887131	0.607573388793241	0.6544684596174887	0.6642823229102359	0.7329011713070398	0.6502028196128686	0.7267271186924189	0.7312741151728279	0.6606905449765061	0.7143691470089166	0.7038585799063567	0.48055689388737644	0.5964019231862675	0.0	0.3832038099301692	0.47397907426926744	0.4950633164333689	0.46126770039092196	0.3863400235870743	0.46290966247053883	0.4422882939243528	0.45106086996036027	0.3863519296929268	0.36095247673104675	0.4015382042219058	0.42884610982456917	0.47440056756166626	0.494824682150824	0.4948861850661658	0.45626436119280694	0.527938431094657	0.5537850590948403	0.49000596914570377	0.5114834335973746	0.4633222850359375	0.6087548267975816	0.4551753312623998	0.46280117627877276	0.5065053229027574	0.7466334886864298	0.42736500013805034	0.5011507645896566	0.44821712593279633	0.4423458275734749	0.4239172227275136	0.5724780306794085	0.5808196628697888
e67	0.6347230720491657	0.612182371512389	0.6012480552359118	0.6266700996218677	0.6996353986557716	0.6877213270521122	0.733630136062308	0.6894682066239636	0.7355857627047065	0.7281739447303469	0.6919319047170944	0.7282724170850524	0.7184375317184033	0.48449705410973753	0.5495698563062422	0.3832038099301692	0.0	0.443655927457245	0.48413484349429525	0.43116798673244006	0.38388044181812486	0.4335232425267708	0.4085722074403208	0.4142258711519886	0.40680819013433134	0.4371448758019422	0.43059226689619334	0.5031287845887097	0.46233217487349154	0.4527198674754977	0.45858852308958864	0.42883072237831243	0.47868037990648493	0.5151654772642879	0.4651758815335083	0.46159036593513364	0.43379862866591723	0.5738675266342311	0.39753056523981073	0.41109329878730777	0.49496063245207655	0.7134718222820479	0.40340732593740325	0.4933076110695947	0.39740924452905013	0.41188310521918386	0.41213614260255543	0.6131300907620744	0.6145907480775206
e68	0.610776031708845	0.6008489039920076	0.610321549557897	0.6435647544956572	0.6585908614598401	0.6539624672561846	0.6911661112901125	0.649062089877224	0.6925788879716663	0.6923632392830275	0.645399270446393	0.6837729371157439	0.6840454075547365	0.5189115028680091	0.6015372727558896	0.47397907426926744	0.443655927457245	0.0	0.4689568224758699	0.4772356708307186	0.4263078885178802	0.47553514793904766	0.48554489873083845	0.471764631964744	0.4602031585906536	0.4666979586393966	0.41844107918850704	0.469363781036457	0.4119220043308809	0.46440378168080343	0.50792456709306	0.45040781522986745	0.48343686025047505	0.5448641483680994	0.4639934884906715	0.5051577535166869	0.47186256207670724	0.5855830944341907	0.43089333260215873	0.42488491501172587	0.4994585717255375	0.7193051736834603	0.46051239398731786	0.46888435624425245	0.42846465058355837	0.4593313757368847	0.4740906565466854	0.612031019008714	0.6185245285250137
e69	0.6561298364011279	0.6522933132854968	0.6538339378164486	0.6754424377855108	0.7313919940236489	0.7308782963385095	0.7376037235218057	0.7277171779992212	0.7551079440332434	0.7532045339723344	0.7306369789299265	0.7541912565548816	0.7538003079023173	0.5069977560875772	0.5635695959649216	0.4950633164333689	0.48413484349429525	0.4689568224758699	0.0	0.49136034452855015	0.4272837434410953	0.39092173655526896	0.5338606872812297	0.48065545287430056	0.4581803809330565	0.5515299588560658	0.50817439012143	0.5593660815492543	0.5392324016720362	0.44505442546435997	0.556094309294334	0.49997256881944496	0.538309295944055	0.5587122177444839	0.46290283972913737	0.5120787003162637	0.4296240894022884	0.5048264897505123	0.5050125838767253	0.4434353358567231	0.5466799418001608	0.6443397756222837	0.45911568055008684	0.49755958089988045	0.4882155269604331	0.4899153086566722	0.4888512377398838	0.6753163076663196	0.6701805780572099
e70	0.6317324226192982	0.624976901400828	0.6314420294516346	0.6165892689133888	0.747325467704197	0.740687484882383	0.7679566612093636	0.7260530958802842	0.771054320494207	0.7842656783821866	0.7392853122224977	0.7725187175173321	0.7699326134921932	0.3981657297741629	0.5280879498939557	0.46126770039092196	0.43116798673244006	0.4772356708307186	0.49136034452855015	0.0	0.37867244909881886	0.43840102077060555	0.3412540006936251	0.3420329657185828	0.36806153666559743	0.48895684496282793	0.4824956332029699	0.5220510345932827	0.5247681363102239	0.5090206514225615	0.4697654330782748	0.532505697646704	0.555766456850447	0.48801042224207786	0.496808628935077	0.5078008912116617	0.47005698884962754	0.5272831405327181	0.4711314905601872	0.4873285204043292	0.5336688388263188	0.6583237736163323	0.4608547298734114	0.5689807224772342	0.4366953166721316	0.5137845010926589	0.4708767659452227	0.6209384469120729	0.6390269000191215
e71	0.6151598939919054	0.6108600671994655	0.6137607739640099	0.6441544597459422	0.6988618665405766	0.6984231177390476	0.7333165266785959	0.6904740045016153	0.7394831671184269	0.7442056674447687	0.6920881969388077	0.7319345650961939	0.7256696338714074	0.4738860346555589	0.5783007902631414	0.3863400235870743	0.38388044181812486	0.4263078885178802	0.4272837434410953	0.37867244909881886	0.0	0.4169884382980264	0.4472570390108906	0.3840307783170559	0.37300788962382475	0.4490492287991125	0.38443476123207493	0.5083147556544697	0.4629285553248719	0.41997263208340574	0.5212191831910984	0.4529472969957688	0.472811647654107	0.5516769867032937	0.4337813458041823	0.442977059292552	0.4042007637328736	0.516775374822162	0.4399546314895732	0.39571078142921706	0.5201005533017882	0.710156778612193	0.3664038452756435	0.47650302714596693	0.42808667869965844	0.4205168134751548	0.44171268918241374	0.6013716046515761	0.6037111800931498
e72	0.6509009074543837	0.6605750010008343	0.6503364797344294	0.6375387502336087	0.7400796228457349	0.7238423489592561	0.7625196006115986	0.7337268260732639	0.7685242099957152	0.7735436114816839	0.7406237596713922	0.775936238664257	0.7633362371917185	0.4308064195718104	0.5228175180338921	0.46290966247053883	0.4335232425267708	0.47553514793904766	0.39092173655526896	0.43840102077060555	0.4169884382980264	0.0	0.45395675606034924	0.3929811987827664	0.3742563147889066	0.4832284396097374	0.4916619541532992	0.4964129542218799	0.5207953180930007	0.4798329463625979	0.5288381665532752	0.5175320792091905	0.5308278607045478	0.517766818346729	0.4755563940561202	0.5068220070808155	0.46124144802354555	0.5192521775588367	0.49381626717321525	0.4689048719591208	0.5089921241791406	0.6765756963206372	0.4515783082758482	0.5177788844759749	0.46727326185031304	0.518488030685213	0.4847292812709832	0.6504562495177518	0.6569833107610987
e73	0.6257829902829499	0.5998750508737264	0.5884641809133435	0.6138787183465862	0.71862827398428	0.703332040307006	0.7620017974052005	0.7007907629839962	0.7611484494706398	0.7652414109026697	0.7083394298334927	0.7564674303249982	0.7517988959759407	0.3968694979466179	0.5562019409737925	0.4422882939243528	0.4085722074403208	0.48554489873083845	0.5338606872812297	0.3412540006936251	0.4472570390108906	0.45395675606034924	0.0	0.38050947020217846	0.3816931655869624	0.38587905033455977	0.4821272442381801	0.48885630131632307	0.4894479933007103	0.5322975930406436	0.4314910108892273	0.5222091112235419	0.5494314638650869	0.5116990682504542	0.5096555677581844	0.5404076702796281	0.5134248439706491	0.6046563745635957	0.4519232950571291	0.5128850351651116	0.5252002713200095	0.7146065470255722	0.47916741374761396	0.5536456990178792	0.4241564017032369	0.48051084006573336	0.4528342166975442	0.5845796794031086	0.5889132226341597
e74	0.6486745278367272	0.6281430611400193	0.6321368316229976	0.644862543870765	0.7325736185116415	0.7241541537711241	0.7625875588176261	0.7204997796748795	0.7625316084167648	0.7694102336709072	0.7344436137999143	0.7647129461112324	0.7602767738000105	0.44263818166565694	0.5502392570358816	0.45106086996036027	0.4142258711519886	0.471764631964744	0.48065545287430056	0.3420329657185828	0.3840307783170559	0.3929811987827664	0.38050947020217846	0.0	0.3382356738102	0.46090750578966677	0.4620581473315262	0.5130825475852383	0.4914571822944976	0.4792792398591763	0.466296249389888	0.4892682321070317	0.5150204003890703	0.48910487614791937	0.44850400782758276	0.4993648021514353	0.4532241174275271	0.5420315208206665	0.4742124071237459	0.4455281305370128	0.5268056587169869	0.6672393902390361	0.44292125414317435	0.5529803377896015	0.4234970501373794	0.4940517357885047	0.4546464670096271	0.6373738085181414	0.637662415931504
e75	0.6312291902852979	0.6106219035265129	0.6042723381243346	0.6102913932015418	0.7151546414213764	0.7123647307751918	0.7681089702823086	0.7035605943582045	0.7672675443740828	0.7750738960255275	0.719617239219841	0.7640503337447897	0.7521386462799193	0.43144648529460866	0.537528110751961	0.3863519296929268	0.40680819013433134	0.4602031585906536	0.4581803809330565	0.36806153666559743	0.37300788962382475	0.3742563147889066	0.3816931655869624	0.3382356738102	0.0	0.4249210913684868	0.47792201868463985	0.4666721256228313	0.4816854903002011	0.46867839397111327	0.48716086507183276	0.5060635820277816	0.5472205736649085	0.502743359490922	0.4802069674881346	0.5058324357075484	0.4842193025156098	0.5368598103921363	0.4896188583517808	0.4887436231076855	0.4922092730462646	0.6864006704231314	0.45396755088759044	0.5519362589447728	0.43479101203147946	0.4721161858950355	0.4452435330089647	0.6106136094645218	0.6097211516814107
e76	0.5965744191060305	0.5865027854051862	0.5557135984466657	0.6199868850152968	0.6766841957034406	0.6628571650268804	0.7358783014543924	0.6622180747724651	0.7463169479863897	0.7420699078137079	0.673221218206351	0.742830205626128	0.7222180897223957	0.4616727963131786	0.6141933370990181	0.36095247673104675	0.4371448758019422	0.4666979586393966	0.5515299588560658	0.48895684496282793	0.4490492287991125	0.4832284396097374	0.38587905033455977	0.46090750578966677	0.4249210913684868	0.0	0.39712276741975355	0.44377089234508454	0.4696694674693025	0.518323003721312	0.4837215499950536	0.488252315670152	0.5534005401539932	0.5779762622222079	0.5121274290518598	0.5302286456569701	0.5111945191517346	0.6404130487997997	0.4417208098100241	0.49054708495642013	0.5337930912692977	0.7583455087998023	0.4463361045228177	0.5405551262186984	0.4279804660675382	0.4388654073058606	0.48224573552930616	0.5501770518389459	0.5651323508777
e77	0.601019803738685	0.6060217523084601	0.5785160585135116	0.6541204775026376	0.6352636758678684	0.648450963458172	0.6955003813572742	0.6405072757752446	0.6922955459386362	0.6835462002172912	0.6386694373570126	0.6785235482103201	0.6711273943370757	0.5157533291610142	0.6241307792565158	0.4015382042219058	0.43059226689619334	0.41844107918850704	0.50817439012143	0.4824956332029699	0.38443476123207493	0.4916619541532992	0.4821272442381801	0.4620581473315262	0.47792201868463985	0.39712276741975355	0.0	0.4702852431263505	0.4069714180096841	0.45739889677489914	0.5051686487201776	0.39830489195182606	0.43103608809477195	0.5879086018758894	0.467067594685562	0.4566010965329839	0.42324215913116936	0.6026608427803228	0.3983165840558734	0.3869288538913279	0.5246986988516135	0.7632422768822142	0.3916640329860494	0.44147505402691445	0.4179985647069371	0.3972392442493278	0.470551288666483	0.5733011589632706	0.5838364846051664
e78	0.5929442416475011	0.5675922949526606	0.563138948455818	0.5995481504730991	0.5874169001612566	0.5785656335263488	0.6741527916951302	0.56947119558083	0.6645872182914786	0.6682031844255931	0.5905696904144592	0.6644592851496032	0.6571373338962953	0.5302557902259293	0.6319220231749293	0.42884610982456917	0.5031287845887097	0.469363781036457	0.5593660815492543	0.5220510345932827	0.5083147556544697	0.4964129542218799	0.48885630131632307	0.5130825475852383	0.4666721256228313	0.44377089234508454	0.4702852431263505	0.0	0.4581094459853104	0.5215782181364418	0.5539027240403281	0.499024984975813	0.5585467700377852	0.5669070019418416	0.5551050210464165	0.5538537526512846	0.5475461064736932	0.6258301025811325	0.5122595243716627	0.5392321608451591	0.5031230434966476	0.7772777615891335	0.5160351906980519	0.5226687447022949	0.5364705262381176	0.5309061737848673	0.5087374192212739	0.5322983471792804	0.5686759516843742
e79	0.6062695596612875	0.6180485422532171	0.5859322191278169	0.646146033142304	0.6036271066142572	0.5890448281036307	0.6532276857077823	0.5986492512035743	0.6469496283684436	0.6560576265286645	0.5767485861463716	0.6202920556727985	0.6290254328959056	0.5779857431418218	0.6521801440986552	0.47440056756166626	0.46233217487349154	0.4119220043308809	0.5392324016720362	0.5247681363102239	0.4629285553248719	0.5207953180930007	0.4894479933007103	0.4914571822944976	0.4816854903002011	0.4696694674693025	0.4069714180096841	0.4581094459853104	0.0	0.4755562602171124	0.5010251464960778	0.40014909828932915	0.42241067542879235	0.5514445279444852	0.4599095515133201	0.47955843741884346	0.4382200150651224	0.6247437225821529	0.4205692811546321	0.4506791153741231	0.47950744565784476	0.7687762762380557	0.4442759178878351	0.4377377702926658	0.437670345446356	0.45042964860589485	0.460690836255109	0.571527557161155	0.5898770066047222
e80	0.6128015325445862	0.6117435009558579	0.5946748544654177	0.6344834608505091	0.6795465262750315	0.674777202510334	0.7047429745647799	0.6795900019179058	0.715759750387745	0.7068550757811973	0.684629298930458	0.7053841538901728	0.7045851644862382	0.5417092373103038	0.5875665271794641	0.494824682150824	0.4527198674754977	0.46440378168080343	0.44505442546435997	0.5090206514225615	0.41997263208340574	0.4798329463625979	0.5322975930406436	0.4792792398591763	0.46867839397111327	0.518323003721312	0.45739889677489914	0.5215782181364418	0.4755562602171124	0.0	0.5363627111164752	0.4528817395246418	0.4509306734184338	0.515726612846408	0.42380292590202545	0.41609208668915854	0.39457465995261837	0.5191869833701646	0.45921031222607833	0.4330736874533945	0.5107664012790817	0.688494631375778	0.3994586455663236	0.4643376351026974	0.46665827864867243	0.4690238539887815	0.44640450694940154	0.6203194347125118	0.6191257715834784
e81	0.6061049150321761	0.5879086070317667	0.5862573542605284	0.6282603260894626	0.711710353248029	0.7060262905163278	0.7483326922663937	0.6940830418820897	0.7489449243300267	0.7513746723411978	0.6973200600966334	0.7448060821024651	0.7443295347026465	0.501749912333515	0.6178046609795663	0.4948861850661658	0.45858852308958864	0.50792456709306	0.556094309294334	0.4697654330782748	0.5212191831910984	0.5288381665532752	0.4314910108892273	0.466296249389888	0.48716086507183276	0.4837215499950536	0.5051686487201776	0.5539027240403281	0.5010251464960778	0.5363627111164752	0.0	0.5201570700360519	0.531305235786287	0.44643758551682927	0.5068743815825179	0.5338606008505449	0.5111227606626286	0.6370665215436486	0.44315884901293773	0.5035331552199339	0.5822852474077427	0.6788287049084081	0.49957648103523294	0.5831144902404902	0.39362851198640647	0.48721845355932075	0.4853194753141507	0.6013310354653785	0.6006254740458257
e82	0.6156417491165365	0.6054905284226502	0.5803145665822144	0.6696294446874781	0.6237853514349303	0.6413618403871475	0.6792284784087124	0.6262123708887091	0.6684578912725677	0.6617012170038536	0.6218206564121284	0.6514742014417078	0.6482294410841963	0.5974570664716444	0.6657342558094099	0.45626436119280694	0.42883072237831243	0.45040781522986745	0.49997256881944496	0.532505697646704	0.4529472969957688	0.5175320792091905	0.5222091112235419	0.4892682321070317	0.5060635820277816	0.488252315670152	0.39830489195182606	0.499024984975813	0.40014909828932915	0.4528817395246418	0.5201570700360519	0.0	0.4130404500272921	0.5795199898809146	0.4268161002646241	0.4451846004975049	0.45008283536742655	0.6260459574832657	0.4040915462568908	0.4226003869475148	0.522785504689936	0.7717649481180017	0.4128748983193078	0.4466483964483634	0.4339797896625273	0.40014045954902583	0.4358232437280938	0.6014778105340552	0.6112545750424752
e83	0.6522548346492762	0.6514620326430289	0.634739917271481	0.6921452455290902	0.6631904094784259	0.6476317495872255	0.6551031093317375	0.6625790596077602	0.6590562730937501	0.6622224953972162	0.6479129861301306	0.6403396019745052	0.6537974684812495	0.6065834174882063	0.6377695610539231	0.527938431094657	0.47868037990648493	0.48343686025047505	0.538309295944055	0.555766456850447	0.472811647654107	0.5308278607045478	0.5494314638650869	0.5150204003890703	0.5472205736649085	0.5534005401539932	0.43103608809477195	0.5585467700377852	0.42241067542879235	0.4509306734184338	0.531305235786287	0.4130404500272921	0.0	0.5695662885092294	0.4321689751965191	0.41825856048498533	0.45965356824484027	0.5852035259578937	0.4644712245122795	0.41437079406317434	0.5254225797286449	0.7223066552901747	0.4087320715227043	0.38936132474688034	0.463194078305863	0.461225462163532	0.4945189052394067	0.6359895198443002	0.647125737991853
e84	0.6496422819810359	0.6336216192923896	0.624115832656654	0.6156947792015014	0.75066734987121	0.7426288560463267	0.7548507344265747	0.7280342192451017	0.7667198893358294	0.7679910411196466	0.7454000886749029	0.7633147459236722	0.7690328025389381	0.49980802285132053	0.5264727483575683	0.5537850590948403	0.5151654772642879	0.5448641483680994	0.5587122177444839	0.48801042224207786	0.5516769867032937	0.517766818346729	0.5116990682504542	0.48910487614791937	0.502743359490922	0.5779762622222079	0.5879086018758894	0.5669070019418416	0.5514445279444852	0.515726612846408	0.44643758551682927	0.5795199898809146	0.5695662885092294	0.0	0.5044702071885121	0.5466320911770076	0.5109842760541587	0.5668837042764965	0.5259971194207631	0.554309627788422	0.5318952902325018	0.5938858951127609	0.5638723230994017	0.604405235232584	0.5012488868196351	0.5613556288840756	0.467429374818284	0.6333967632051153	0.6400889840483173
e85	0.6564036608503058	0.6360449166652141	0.634453756369866	0.6737819959309087	0.702231271278616	0.7055822039978122	0.7165160849300535	0.7006782016013778	0.734868450871636	0.7231818498503431	0.694261475843217	0.7138859568701109	0.7245988715710691	0.5523668908982047	0.6216552322094643	0.49000596914570377	0.4651758815335083	0.4639934884906715	0.46290283972913737	0.496808628935077	0.4337813458041823	0.4755563940561202	0.5096555677581844	0.44850400782758276	0.4802069674881346	0.5121274290518598	0.467067594685562	0.5551050210464165	0.4599095515133201	0.42380292590202545	0.5068743815825179	0.4268161002646241	0.4321689751965191	0.5044702071885121	0.0	0.4083218676870749	0.39467801290278764	0.5492568890032732	0.4487186640317644	0.4033244980091957	0.5262819783275442	0.6892686572725153	0.3736984432340159	0.48745674761826074	0.4150882771535226	0.4506423427725635	0.43420691612645707	0.6428352673388937	0.6371144640180928
e86	0.643310062471063	0.6395384289147472	0.6171211875537719	0.6761205270031027	0.6864491273456276	0.6816082700041789	0.6978240171754149	0.6780359243196054	0.7071866287912267	0.6986640714947251	0.6722196321165792	0.6932894207347183	0.7011828930591812	0.5512779883325961	0.6357377384990487	0.5114834335973746	0.46159036593513364	0.5051577535166869	0.5120787003162637	0.5078008912116617	0.442977059292552	0.5068220070808155	0.5404076702796281	0.4993648021514353	0.5058324357075484	0.5302286456569701	0.4566010965329839	0.5538537526512846	0.47955843741884346	0.41609208668915854	0.5338606008505449	0.4451846004975049	0.41825856048498533	0.5466320911770076	0.4083218676870749	0.0	0.3947347165951685	0.5636881845417754	0.46995546608426414	0.4472757409423948	0.5354710366945418	0.6984793445164936	0.3831330185689261	0.4429069000452479	0.4397369844547334	0.46301265219382415	0.45444032925268973	0.6367799984687955	0.650178957060063
e87	0.629867887721684	0.6221222638379343	0.6131392417655148	0.6533325562366445	0.6892933638585294	0.6903618404962156	0.7049603449468269	0.6954746716475081	0.7236494849580593	0.7133122775874602	0.6801419035085436	0.7112422729189364	0.7155670638815428	0.5360639105247766	0.6062632144368914	0.4633222850359375	0.43379862866591723	0.47186256207670724	0.4296240894022884	0.47005698884962754	0.4042007637328736	0.46124144802354555	0.5134248439706491	0.4532241174275271	0.4842193025156098	0.5111945191517346	0.42324215913116936	0.5475461064736932	0.4382200150651224	0.39457465995261837	0.5111227606626286	0.45008283536742655	0.45965356824484027	0.5109842760541587	0.39467801290278764	0.3947347165951685	0.0	0.5414725287716323	0.4079738700643348	0.3875582999185327	0.5020120298857998	0.6931943283103282	0.3882229524576295	0.42670310468898914	0.4179513790888921	0.43673518944112016	0.4273190612227443	0.6195584352802741	0.6174937014001961
e88	0.7298874914069027	0.7140082375376214	0.7275031019106254	0.7059014758911746	0.7691560827224618	0.7770839000131355	0.7665129620728679	0.7787594385328974	0.7782426328159566	0.7834576412633555	0.7814035956478952	0.7799706695147562	0.7743465492948547	0.5435420520997861	0.5836040305279014	0.6087548267975816	0.5738675266342311	0.5855830944341907	0.5048264897505123	0.5272831405327181	0.516775374822162	0.5192521775588367	0.6046563745635957	0.5420315208206665	0.5368598103921363	0.6404130487997997	0.6026608427803228	0.6258301025811325	0.6247437225821529	0.5191869833701646	0.6370665215436486	0.6260459574832657	0.5852035259578937	0.5668837042764965	0.5492568890032732	0.5636881845417754	0.5414725287716323	0.0	0.6174883442577931	0.5406219899866962	0.5295872846272257	0.6247758639597765	0.5488750867422566	0.6036213312359088	0.5883264328576588	0.6088313682501576	0.5451506118546795	0.7141994417092935	0.7287620759627371
e89	0.6054662003888096	0.5977353626442519	0.573850055845358	0.6525624718433882	0.6670908021218304	0.6621319144253494	0.6963924231402622	0.6487493464156335	0.7061125941457436	0.6977650051609823	0.658702020526802	0.694542981609198	0.7026305644113325	0.5274088410030877	0.6111832354627854	0.4551753312623998	0.39753056523981073	0.43089333260215873	0.5050125838767253	0.4711314905601872	0.4399546314895732	0.49381626717321525	0.4519232950571291	0.4742124071237459	0.4896188583517808	0.4417208098100241	0.3983165840558734	0.5122595243716627	0.4205692811546321	0.45921031222607833	0.44315884901293773	0.4040915462568908	0.4644712245122795	0.5259971194207631	0.4487186640317644	0.46995546608426414	0.4079738700643348	0.6174883442577931	0.0	0.4089263958305708	0.4977743277220702	0.7341883585035835	0.42431494844646395	0.48216256679126834	0.37666190487248374	0.4151537618808968	0.41461720763836235	0.5890446778497267	0.5954583326585041
e90	0.6428848418309506	0.639694836179082	0.6323021750228394	0.6635493154053842	0.6945502048268675	0.692467757934207	0.7072323588771358	0.7001890381110625	0.7117422195691377	0.7132126417845172	0.6871832756916012	0.7074909451680705	0.7143613747522021	0.5340156320871245	0.5730888269917125	0.46280117627877276	0.41109329878730777	0.42488491501172587	0.4434353358567231	0.4873285204043292	0.39571078142921706	0.4689048719591208	0.5128850351651116	0.4455281305370128	0.4887436231076855	0.49054708495642013	0.3869288538913279	0.5392321608451591	0.4506791153741231	0.4330736874533945	0.5035331552199339	0.4226003869475148	0.41437079406317434	0.554309627788422	0.4033244980091957	0.4472757409423948	0.3875582999185327	0.5406219899866962	0.4089263958305708	0.0	0.5032932265203858	0.7069233922358074	0.3687618938101037	0.4346481276166698	0.41953355470342485	0.4011839748100849	0.4549863195444815	0.6209360613928557	0.623616077430305
e91	0.6741947765030091	0.6498336825581228	0.641642446981439	0.6656166363803218	0.6853614242157001	0.6761891471576312	0.704565228544077	0.6730333554929666	0.7125485251283425	0.721013723981029	0.6870614449650794	0.7069195254161424	0.7063088027366407	0.5458991881825302	0.5616788685615325	0.5065053229027574	0.49496063245207655	0.4994585717255375	0.5466799418001608	0.5336688388263188	0.5201005533017882	0.5089921241791406	0.5252002713200095	0.5268056587169869	0.4922092730462646	0.5337930912692977	0.5246986988516135	0.5031230434966476	0.47950744565784476	0.5107664012790817	0.5822852474077427	0.522785504689936	0.5254225797286449	0.5318952902325018	0.5262819783275442	0.5354710366945418	0.5020120298857998	0.5295872846272257	0.4977743277220702	0.5032932265203858	0.0	0.7133908254712011	0.5351971357813899	0.48817186538016544	0.5137561142796818	0.5371229707538946	0.4753848467704632	0.6385789374353329	0.6459381325389985
e92	0.8179808789334266	0.809607620129385	0.8153616484890572	0.7502711787004047	0.8756297176350504	0.8627457215896716	0.8552280694175219	0.8594554371640469	0.8786639188725511	0.8747814668594335	0.8690546358441078	0.8797398051628279	0.8875766420309225	0.635013485712619	0.6125245158405043	0.7466334886864298	0.7134718222820479	0.7193051736834603	0.6443397756222837	0.6583237736163323	0.710156778612193	0.6765756963206372	0.7146065470255722	0.6672393902390361	0.6864006704231314	0.7583455087998023	0.7632422768822142	0.7772777615891335	0.7687762762380557	0.688494631375778	0.6788287049084081	0.7717649481180017	0.7223066552901747	0.5938858951127609	0.6892686572725153	0.6984793445164936	0.6931943283103282	0.6247758639597765	0.7341883585035835	0.7069233922358074	0.7133908254712011	0.0	0.7234460410955788	0.7540606810752721	0.7088296281884341	0.7548463558004145	0.6972630160114421	0.8093539808937023	0.81667416764238
e93	0.6125869591178986	0.6170225563131161	0.6105051859927658	0.647069502372434	0.6829106904435247	0.6837969594867094	0.7197490279431075	0.6875521427730942	0.7287573975204562	0.7227636222740115	0.6796454233841825	0.7145291667340435	0.7113551824473722	0.5216865207138742	0.6201366313692237	0.42736500013805034	0.40340732593740325	0.46051239398731786	0.45911568055008684	0.4608547298734114	0.3664038452756435	0.4515783082758482	0.47916741374761396	0.44292125414317435	0.45396755088759044	0.4463361045228177	0.3916640329860494	0.5160351906980519	0.4442759178878351	0.3994586455663236	0.49957648103523294	0.4128748983193078	0.4087320715227043	0.5638723230994017	0.3736984432340159	0.3831330185689261	0.3882229524576295	0.5488750867422566	0.42431494844646395	0.3687618938101037	0.5351971357813899	0.7234460410955788	0.0	0.39685452474956473	0.38397944886689406	0.4114562199936939	0.42523754608551523	0.5993026449106836	0.6019961311333197
