	e100	e101	e102	e103	e104	e105	e106	e107	e108	e109	e110	e111	e112	e64	e65	e66	e67	e68	e69	e70	e71	e72	e73	e74	e75	e76	e77	e78	e79	e80	e81	e82	e83	e84	e85	e86	e87	e88	e89	e90	e91	e92	e93	e94	e95	e96	e97	e98	e99
e100	0.0	0.59825	0.4805	0.7845	0.87275	0.8695	0.948	0.83225	0.942	0.9565	0.86375	0.94075	0.914	0.9115	0.921	0.87575	0.89975	0.90275	0.94875	0.89875	0.91875	0.9305	0.8695	0.90325	0.905	0.86725	0.889	0.8645	0.90575	0.90575	0.87025	0.875	0.92625	0.88	0.9095	0.90725	0.92725	0.947	0.89125	0.937	0.934	0.93675	0.9175	0.94625	0.8965	0.89025	0.87525	0.61125	0.527
e101	0.59825	0.0	0.5705	0.78975	0.8875	0.898	0.96225	0.85425	0.94525	0.9615	0.882	0.9425	0.92875	0.94275	0.95675	0.8975	0.91825	0.91925	0.95725	0.9215	0.9445	0.94875	0.8965	0.92925	0.9175	0.90075	0.91125	0.89675	0.92525	0.938	0.86175	0.89225	0.9385	0.912	0.91825	0.91225	0.93575	0.96275	0.90375	0.942	0.929	0.957	0.9245	0.953	0.91775	0.8935	0.89625	0.656	0.6295
e102	0.4805	0.5705	0.0	0.74575	0.88625	0.8855	0.95725	0.84975	0.94225	0.959	0.87525	0.9425	0.923	0.91525	0.92875	0.86325	0.88275	0.89075	0.9325	0.888	0.90975	0.92875	0.853	0.88175	0.893	0.859	0.87875	0.8565	0.9	0.906	0.863	0.859	0.917	0.89075	0.90125	0.89275	0.93525	0.9505	0.8865	0.9265	0.9225	0.9475	0.904	0.9345	0.897	0.88075	0.8575	0.60675	0.554
e103	0.7845	0.78975	0.74575	0.0	0.9425	0.9265	0.97125	0.914	0.95975	0.978	0.93175	0.971	0.9535	0.89975	0.892	0.88675	0.921	0.94775	0.974	0.9095	0.927	0.932	0.8985	0.91025	0.90975	0.901	0.92625	0.869	0.94325	0.9335	0.9515	0.94225	0.967	0.9215	0.95225	0.9575	0.97125	0.93475	0.966	0.97125	0.9505	0.96875	0.95225	0.97525	0.93525	0.9485	0.9095	0.734	0.77275
e104	0.87275	0.8875	0.88625	0.9425	0.0	0.422	0.723	0.639	0.736	0.69325	0.59725	0.666	0.718	0.96175	0.9775	0.89875	0.91425	0.908	0.9425	0.94975	0.95425	0.9575	0.935	0.945	0.937	0.926	0.9105	0.85925	0.88725	0.93425	0.94075	0.905	0.92575	0.95275	0.93	0.945	0.951	0.97175	0.9205	0.93225	0.91475	0.98025	0.94175	0.9105	0.94225	0.91875	0.91875	0.87825	0.88575
e105	0.8695	0.898	0.8855	0.9265	0.422	0.0	0.6855	0.6455	0.69475	0.6515	0.56075	0.62075	0.691	0.9405	0.9615	0.888	0.90325	0.90225	0.9375	0.93125	0.93375	0.93725	0.9205	0.93075	0.9255	0.9055	0.8935	0.84275	0.8715	0.91575	0.9445	0.89075	0.9135	0.94	0.9235	0.9355	0.94125	0.9515	0.9195	0.92075	0.897	0.96925	0.921	0.88725	0.93	0.90875	0.906	0.8805	0.881
e106	0.948	0.96225	0.95725	0.97125	0.723	0.6855	0.0	0.86125	0.63725	0.64925	0.79575	0.69475	0.63075	0.935	0.94275	0.91175	0.93425	0.93925	0.95525	0.9275	0.9315	0.9295	0.931	0.93	0.92875	0.92225	0.9105	0.8955	0.89725	0.90875	0.9625	0.8955	0.91075	0.93325	0.93775	0.926	0.9345	0.93825	0.9445	0.9405	0.90475	0.9545	0.931	0.902	0.92925	0.9395	0.9115	0.9495	0.95475
e107	0.83225	0.85425	0.84975	0.914	0.639	0.6455	0.86125	0.0	0.818	0.79225	0.57575	0.76125	0.757	0.96975	0.9805	0.91325	0.9335	0.93725	0.96625	0.95725	0.9605	0.96525	0.93575	0.956	0.948	0.92975	0.92725	0.867	0.9185	0.954	0.95125	0.91625	0.95125	0.9575	0.952	0.95625	0.973	0.977	0.9395	0.9565	0.936	0.98525	0.9505	0.9445	0.95525	0.93775	0.93875	0.84025	0.82875
e108	0.942	0.94525	0.94225	0.95975	0.736	0.69475	0.63725	0.818	0.0	0.43125	0.724	0.6255	0.61525	0.967	0.9715	0.9325	0.94475	0.9405	0.96325	0.958	0.9655	0.96825	0.95125	0.9535	0.961	0.9435	0.9275	0.91875	0.9215	0.94	0.9725	0.92275	0.93375	0.9615	0.9525	0.95675	0.96225	0.967	0.953	0.954	0.93075	0.98375	0.95325	0.92725	0.95675	0.948	0.93625	0.947	0.94025
e109	0.9565	0.9615	0.959	0.978	0.69325	0.6515	0.64925	0.79225	0.43125	0.0	0.657	0.546	0.5805	0.9765	0.98525	0.9445	0.9455	0.9405	0.95825	0.9675	0.96525	0.97025	0.964	0.96325	0.96625	0.953	0.93275	0.931	0.92	0.94325	0.96775	0.9255	0.93525	0.97025	0.9515	0.95575	0.96	0.973	0.94775	0.94725	0.936	0.9845	0.95525	0.91725	0.95925	0.941	0.9435	0.96075	0.95775
e110	0.86375	0.882	0.87525	0.93175	0.59725	0.56075	0.79575	0.57575	0.724	0.657	0.0	0.5175	0.598	0.95875	0.967	0.90025	0.9105	0.9045	0.9405	0.94175	0.94	0.95025	0.92	0.9315	0.937	0.91425	0.904	0.85625	0.87125	0.91825	0.937	0.8785	0.91325	0.94	0.923	0.93725	0.9435	0.9605	0.91275	0.93225	0.90375	0.97225	0.9315	0.90125	0.93425	0.91475	0.8985	0.8705	0.87125
e111	0.94075	0.9425	0.9425	0.971	0.666	0.62075	0.69475	0.76125	0.6255	0.546	0.5175	0.0	0.47475	0.97875	0.98325	0.93375	0.931	0.913	0.93575	0.96575	0.95675	0.967	0.95925	0.95925	0.95525	0.9565	0.92325	0.9105	0.88825	0.92975	0.95875	0.89775	0.91	0.96025	0.92875	0.936	0.94875	0.97575	0.93225	0.93225	0.92275	0.98225	0.9395	0.8975	0.95075	0.92625	0.926	0.9465	0.94425
e112	0.914	0.92875	0.923	0.9535	0.718	0.691	0.63075	0.757	0.61525	0.5805	0.598	0.47475	0.0	0.963	0.9735	0.92225	0.92325	0.91875	0.9505	0.95075	0.94725	0.954	0.95025	0.945	0.945	0.942	0.91525	0.89875	0.8915	0.91775	0.9505	0.89475	0.9115	0.95325	0.9345	0.9375	0.9475	0.9615	0.94125	0.93625	0.9225	0.97725	0.93775	0.91	0.9415	0.93025	0.9185	0.919	0.9155
e64	0.9115	0.94275	0.91525	0.89975	0.96175	0.9405	0.935	0.96975	0.967	0.9765	0.95875	0.97875	0.963	0.0	0.4275	0.6575	0.643	0.75225	0.70875	0.5315	0.582	0.4245	0.615	0.5695	0.62575	0.6015	0.624	0.5475	0.71	0.58475	0.814	0.76225	0.7595	0.59175	0.77	0.70875	0.753	0.553	0.83375	0.807	0.72175	0.6385	0.6575	0.84325	0.7195	0.74	0.659	0.86025	0.91575
e65	0.921	0.95675	0.92875	0.892	0.9775	0.9615	0.94275	0.9805	0.9715	0.98525	0.967	0.98325	0.9735	0.4275	0.0	0.78975	0.77125	0.85425	0.80025	0.62475	0.62675	0.48625	0.72125	0.66725	0.75325	0.754	0.75825	0.66675	0.8035	0.5585	0.8775	0.85	0.8085	0.55975	0.81975	0.78125	0.802	0.55825	0.899	0.859	0.79425	0.6305	0.768	0.90375	0.785	0.8475	0.7255	0.86175	0.9245
e66	0.87575	0.8975	0.86325	0.88675	0.89875	0.888	0.91175	0.91325	0.9325	0.9445	0.90025	0.93375	0.92225	0.6575	0.78975	0.0	0.4885	0.62475	0.66875	0.60075	0.62175	0.68325	0.55975	0.55575	0.512	0.46925	0.49175	0.56	0.61175	0.6865	0.718	0.611	0.697	0.6925	0.65475	0.67075	0.68875	0.772	0.6775	0.68975	0.6755	0.749	0.6385	0.74375	0.67175	0.61625	0.61275	0.875	0.8835
e67	0.89975	0.91825	0.88275	0.921	0.91425	0.90325	0.93425	0.9335	0.94475	0.9455	0.9105	0.931	0.92325	0.643	0.77125	0.4885	0.0	0.50025	0.53425	0.63575	0.65575	0.689	0.611	0.62225	0.59475	0.58225	0.508	0.5825	0.58125	0.64825	0.669	0.576	0.64375	0.711	0.572	0.64575	0.649	0.73675	0.56925	0.63275	0.6685	0.7035	0.5225	0.69125	0.6265	0.53525	0.55075	0.89325	0.90925
e68	0.90275	0.91925	0.89075	0.94775	0.908	0.90225	0.93925	0.93725	0.9405	0.9405	0.9045	0.913	0.91875	0.75225	0.85425	0.62475	0.50025	0.0	0.4295	0.671	0.64475	0.69025	0.63875	0.6375	0.619	0.656	0.57325	0.676	0.487	0.63375	0.7265	0.51725	0.54725	0.76775	0.54075	0.54775	0.56125	0.82475	0.5515	0.49325	0.67425	0.691	0.51425	0.6275	0.5925	0.47775	0.607	0.91375	0.91425
e69	0.94875	0.95725	0.9325	0.974	0.9425	0.9375	0.95525	0.96625	0.96325	0.95825	0.9405	0.93575	0.9505	0.70875	0.80025	0.66875	0.53425	0.4295	0.0	0.6835	0.64325	0.626	0.671	0.6805	0.62275	0.71125	0.60425	0.64125	0.565	0.56	0.8315	0.56675	0.5785	0.82175	0.5765	0.54875	0.568	0.72975	0.60075	0.4995	0.675	0.7175	0.4775	0.59425	0.6745	0.502	0.5565	0.952	0.95575
e70	0.89875	0.9215	0.888	0.9095	0.94975	0.93125	0.9275	0.95725	0.958	0.9675	0.94175	0.96575	0.95075	0.5315	0.62475	0.60075	0.63575	0.671	0.6835	0.0	0.37825	0.38825	0.37575	0.38	0.47875	0.5675	0.574	0.6085	0.6395	0.6715	0.751	0.672	0.707	0.509	0.7425	0.659	0.697	0.7445	0.79575	0.73875	0.69775	0.5535	0.68825	0.8375	0.6595	0.66325	0.65375	0.87325	0.89625
e71	0.91875	0.9445	0.90975	0.927	0.95425	0.93375	0.9315	0.9605	0.9655	0.96525	0.94	0.95675	0.94725	0.582	0.62675	0.62175	0.65575	0.64475	0.64325	0.37825	0.0	0.36075	0.51325	0.40475	0.49375	0.622	0.578	0.62375	0.6085	0.636	0.77425	0.66225	0.661	0.56025	0.72	0.64375	0.66025	0.7165	0.7685	0.68675	0.6645	0.551	0.64825	0.78825	0.6265	0.6425	0.6415	0.89025	0.919
e72	0.9305	0.94875	0.92875	0.932	0.9575	0.93725	0.9295	0.96525	0.96825	0.97025	0.95025	0.967	0.954	0.4245	0.48625	0.68325	0.689	0.69025	0.626	0.38825	0.36075	0.0	0.5445	0.454	0.54525	0.63825	0.6345	0.597	0.663	0.59075	0.81525	0.7295	0.70725	0.55	0.771	0.657	0.71275	0.585	0.82675	0.751	0.704	0.5205	0.649	0.816	0.68575	0.69525	0.663	0.89025	0.9225
e73	0.8695	0.8965	0.853	0.8985	0.935	0.9205	0.931	0.93575	0.95125	0.964	0.92	0.95925	0.95025	0.615	0.72125	0.55975	0.611	0.63875	0.671	0.37575	0.51325	0.5445	0.0	0.43575	0.41425	0.4885	0.601	0.6185	0.61475	0.7045	0.71725	0.65875	0.7205	0.63475	0.73	0.67275	0.722	0.795	0.7485	0.743	0.717	0.6505	0.68575	0.834	0.626	0.64125	0.6595	0.868	0.8635
e74	0.90325	0.92925	0.88175	0.91025	0.945	0.93075	0.93	0.956	0.9535	0.96325	0.9315	0.95925	0.945	0.5695	0.66725	0.55575	0.62225	0.6375	0.6805	0.38	0.40475	0.454	0.43575	0.0	0.42525	0.5355	0.555	0.61925	0.60625	0.6775	0.69875	0.605	0.67625	0.54425	0.68475	0.636	0.64025	0.754	0.74225	0.69175	0.6785	0.546	0.6605	0.8	0.62275	0.65925	0.659	0.8825	0.89425
e75	0.905	0.9175	0.893	0.90975	0.937	0.9255	0.92875	0.948	0.961	0.96625	0.937	0.95525	0.945	0.62575	0.75325	0.512	0.59475	0.619	0.62275	0.47875	0.49375	0.54525	0.41425	0.42525	0.0	0.52475	0.56025	0.59	0.56375	0.67325	0.761	0.64925	0.6445	0.6855	0.699	0.62375	0.68975	0.77625	0.7635	0.70525	0.69975	0.68475	0.65	0.82225	0.62875	0.62675	0.67275	0.89425	0.9025
e76	0.86725	0.90075	0.859	0.901	0.926	0.9055	0.92225	0.92975	0.9435	0.953	0.91425	0.9565	0.942	0.6015	0.754	0.46925	0.58225	0.656	0.71125	0.5675	0.622	0.63825	0.4885	0.5355	0.52475	0.0	0.46775	0.55425	0.6195	0.7195	0.70375	0.6365	0.73925	0.65775	0.67175	0.70025	0.72225	0.768	0.70975	0.743	0.712	0.7265	0.65875	0.7895	0.63975	0.6525	0.64125	0.8575	0.86625
e77	0.889	0.91125	0.87875	0.92625	0.9105	0.8935	0.9105	0.92725	0.9275	0.93275	0.904	0.92325	0.91525	0.624	0.75825	0.49175	0.508	0.57325	0.60425	0.574	0.578	0.6345	0.601	0.555	0.56025	0.46775	0.0	0.565	0.53625	0.6405	0.72475	0.54275	0.65875	0.68425	0.6175	0.61125	0.611	0.741	0.656	0.61275	0.6495	0.681	0.555	0.67175	0.6295	0.5465	0.57625	0.8895	0.896
e78	0.8645	0.89675	0.8565	0.869	0.85925	0.84275	0.8955	0.867	0.91875	0.931	0.85625	0.9105	0.89875	0.5475	0.66675	0.56	0.5825	0.676	0.64125	0.6085	0.62375	0.597	0.6185	0.61925	0.59	0.55425	0.565	0.0	0.64175	0.612	0.81425	0.68725	0.72325	0.683	0.7335	0.71025	0.74075	0.64325	0.77	0.74925	0.631	0.769	0.61825	0.735	0.72	0.69475	0.5475	0.8145	0.85925
e79	0.90575	0.92525	0.9	0.94325	0.88725	0.8715	0.89725	0.9185	0.9215	0.92	0.87125	0.88825	0.8915	0.71	0.8035	0.61175	0.58125	0.487	0.565	0.6395	0.6085	0.663	0.61475	0.60625	0.56375	0.6195	0.53625	0.64175	0.0	0.601	0.71725	0.4925	0.5255	0.71425	0.5925	0.51875	0.581	0.784	0.634	0.5725	0.6195	0.6715	0.607	0.65875	0.54	0.52575	0.596	0.90075	0.918
e80	0.90575	0.938	0.906	0.9335	0.93425	0.91575	0.90875	0.954	0.94	0.94325	0.91825	0.92975	0.91775	0.58475	0.5585	0.6865	0.64825	0.63375	0.56	0.6715	0.636	0.59075	0.7045	0.6775	0.67325	0.7195	0.6405	0.612	0.601	0.0	0.849	0.613	0.628	0.72775	0.67125	0.58575	0.6045	0.57375	0.7285	0.64775	0.644	0.6865	0.57925	0.6735	0.673	0.62	0.56125	0.89075	0.90875
e81	0.87025	0.86175	0.863	0.9515	0.94075	0.9445	0.9625	0.95125	0.9725	0.96775	0.937	0.95875	0.9505	0.814	0.8775	0.718	0.669	0.7265	0.8315	0.751	0.77425	0.81525	0.71725	0.69875	0.761	0.70375	0.72475	0.81425	0.71725	0.849	0.0	0.65275	0.7815	0.7155	0.6725	0.74725	0.798	0.9005	0.6905	0.80925	0.7915	0.73575	0.74725	0.8345	0.613	0.66025	0.73875	0.89675	0.88625
e82	0.875	0.89225	0.859	0.94225	0.905	0.89075	0.8955	0.91625	0.92275	0.9255	0.8785	0.89775	0.89475	0.76225	0.85	0.611	0.576	0.51725	0.56675	0.672	0.66225	0.7295	0.65875	0.605	0.64925	0.6365	0.54275	0.68725	0.4925	0.613	0.65275	0.0	0.513	0.70775	0.47325	0.5255	0.52775	0.788	0.555	0.55625	0.6275	0.6575	0.51425	0.5925	0.538	0.453	0.5295	0.8995	0.89875
e83	0.92625	0.9385	0.917	0.967	0.92575	0.9135	0.91075	0.95125	0.93375	0.93525	0.91325	0.91	0.9115	0.7595	0.8085	0.697	0.64375	0.54725	0.5785	0.707	0.661	0.70725	0.7205	0.67625	0.6445	0.73925	0.65875	0.72325	0.5255	0.628	0.7815	0.513	0.0	0.726	0.493	0.44325	0.5845	0.7685	0.66475	0.58975	0.6225	0.67075	0.5975	0.58225	0.59275	0.5675	0.59825	0.9265	0.95025
e84	0.88	0.912	0.89075	0.9215	0.95275	0.94	0.93325	0.9575	0.9615	0.97025	0.94	0.96025	0.95325	0.59175	0.55975	0.6925	0.711	0.76775	0.82175	0.509	0.56025	0.55	0.63475	0.54425	0.6855	0.65775	0.68425	0.683	0.71425	0.72775	0.7155	0.70775	0.726	0.0	0.6995	0.7	0.71625	0.65475	0.774	0.8165	0.70425	0.51325	0.75625	0.8085	0.68675	0.72825	0.64975	0.85225	0.899
e85	0.9095	0.91825	0.90125	0.95225	0.93	0.9235	0.93775	0.952	0.9525	0.9515	0.923	0.92875	0.9345	0.77	0.81975	0.65475	0.572	0.54075	0.5765	0.7425	0.72	0.771	0.73	0.68475	0.699	0.67175	0.6175	0.7335	0.5925	0.67125	0.6725	0.47325	0.493	0.6995	0.0	0.53325	0.5355	0.763	0.551	0.56625	0.69225	0.6555	0.5285	0.59575	0.574	0.51775	0.5545	0.90075	0.91525
e86	0.90725	0.91225	0.89275	0.9575	0.945	0.9355	0.926	0.95625	0.95675	0.95575	0.93725	0.936	0.9375	0.70875	0.78125	0.67075	0.64575	0.54775	0.54875	0.659	0.64375	0.657	0.67275	0.636	0.62375	0.70025	0.61125	0.71025	0.51875	0.58575	0.74725	0.5255	0.44325	0.7	0.53325	0.0	0.55875	0.74975	0.66275	0.56875	0.649	0.62675	0.564	0.6165	0.575	0.5265	0.55725	0.9125	0.9205
e87	0.92725	0.93575	0.93525	0.97125	0.951	0.94125	0.9345	0.973	0.96225	0.96	0.9435	0.94875	0.9475	0.753	0.802	0.68875	0.649	0.56125	0.568	0.697	0.66025	0.71275	0.722	0.64025	0.68975	0.72225	0.611	0.74075	0.581	0.6045	0.798	0.52775	0.5845	0.71625	0.5355	0.55875	0.0	0.74575	0.55075	0.49475	0.638	0.65575	0.56325	0.552	0.6355	0.5655	0.57225	0.92875	0.94225
e88	0.947	0.96275	0.9505	0.93475	0.97175	0.9515	0.93825	0.977	0.967	0.973	0.9605	0.97575	0.9615	0.553	0.55825	0.772	0.73675	0.82475	0.72975	0.7445	0.7165	0.585	0.795	0.754	0.77625	0.768	0.741	0.64325	0.784	0.57375	0.9005	0.788	0.7685	0.65475	0.763	0.74975	0.74575	0.0	0.832	0.8305	0.67325	0.61625	0.69575	0.75325	0.78125	0.797	0.6465	0.88875	0.9345
e89	0.89125	0.90375	0.8865	0.966	0.9205	0.9195	0.9445	0.9395	0.953	0.94775	0.91275	0.93225	0.94125	0.83375	0.899	0.6775	0.56925	0.5515	0.60075	0.79575	0.7685	0.82675	0.7485	0.74225	0.7635	0.70975	0.656	0.77	0.634	0.7285	0.6905	0.555	0.66475	0.774	0.551	0.66275	0.55075	0.832	0.0	0.561	0.65725	0.72075	0.55375	0.6075	0.6255	0.53525	0.5745	0.9035	0.92525
e90	0.937	0.942	0.9265	0.97125	0.93225	0.92075	0.9405	0.9565	0.954	0.94725	0.93225	0.93225	0.93625	0.807	0.859	0.68975	0.63275	0.49325	0.4995	0.73875	0.68675	0.751	0.743	0.69175	0.70525	0.743	0.61275	0.74925	0.5725	0.64775	0.80925	0.55625	0.58975	0.8165	0.56625	0.56875	0.49475	0.8305	0.561	0.0	0.6695	0.735	0.5735	0.5215	0.67525	0.5195	0.62	0.938	0.947
e91	0.934	0.929	0.9225	0.9505	0.91475	0.897	0.90475	0.936	0.93075	0.936	0.90375	0.92275	0.9225	0.72175	0.79425	0.6755	0.6685	0.67425	0.675	0.69775	0.6645	0.704	0.717	0.6785	0.69975	0.712	0.6495	0.631	0.6195	0.644	0.7915	0.6275	0.6225	0.70425	0.69225	0.649	0.638	0.67325	0.65725	0.6695	0.0	0.727	0.674	0.62325	0.674	0.67575	0.5995	0.883	0.934
e92	0.93675	0.957	0.9475	0.96875	0.98025	0.96925	0.9545	0.98525	0.98375	0.9845	0.97225	0.98225	0.97725	0.6385	0.6305	0.749	0.7035	0.691	0.7175	0.5535	0.551	0.5205	0.6505	0.546	0.68475	0.7265	0.681	0.769	0.6715	0.6865	0.73575	0.6575	0.67075	0.51325	0.6555	0.62675	0.65575	0.61625	0.72075	0.735	0.727	0.0	0.65025	0.785	0.64325	0.64075	0.66375	0.92525	0.9405
e93	0.9175	0.9245	0.904	0.95225	0.94175	0.921	0.931	0.9505	0.95325	0.95525	0.9315	0.9395	0.93775	0.6575	0.768	0.6385	0.5225	0.51425	0.4775	0.68825	0.64825	0.649	0.68575	0.6605	0.65	0.65875	0.555	0.61825	0.607	0.57925	0.74725	0.51425	0.5975	0.75625	0.5285	0.564	0.56325	0.69575	0.55375	0.5735	0.674	0.65025	0.0	0.565	0.6365	0.49775	0.46925	0.92175	0.92925
e94	0.94625	0.953	0.9345	0.97525	0.9105	0.88725	0.902	0.9445	0.92725	0.91725	0.90125	0.8975	0.91	0.84325	0.90375	0.74375	0.69125	0.6275	0.59425	0.8375	0.78825	0.816	0.834	0.8	0.82225	0.7895	0.67175	0.735	0.65875	0.6735	0.8345	0.5925	0.58225	0.8085	0.59575	0.6165	0.552	0.75325	0.6075	0.5215	0.62325	0.785	0.565	0.0	0.743	0.62425	0.591	0.94425	0.95675
e95	0.8965	0.91775	0.897	0.93525	0.94225	0.93	0.92925	0.95525	0.95675	0.95925	0.93425	0.95075	0.9415	0.7195	0.785	0.67175	0.6265	0.5925	0.6745	0.6595	0.6265	0.68575	0.626	0.62275	0.62875	0.63975	0.6295	0.72	0.54	0.673	0.613	0.538	0.59275	0.68675	0.574	0.575	0.6355	0.78125	0.6255	0.67525	0.674	0.64325	0.6365	0.743	0.0	0.5165	0.61225	0.894	0.903
e96	0.89025	0.8935	0.88075	0.9485	0.91875	0.90875	0.9395	0.93775	0.948	0.941	0.91475	0.92625	0.93025	0.74	0.8475	0.61625	0.53525	0.47775	0.502	0.66325	0.6425	0.69525	0.64125	0.65925	0.62675	0.6525	0.5465	0.69475	0.52575	0.62	0.66025	0.453	0.5675	0.72825	0.51775	0.5265	0.5655	0.797	0.53525	0.5195	0.67575	0.64075	0.49775	0.62425	0.5165	0.0	0.49375	0.917	0.90775
e97	0.87525	0.89625	0.8575	0.9095	0.91875	0.906	0.9115	0.93875	0.93625	0.9435	0.8985	0.926	0.9185	0.659	0.7255	0.61275	0.55075	0.607	0.5565	0.65375	0.6415	0.663	0.6595	0.659	0.67275	0.64125	0.57625	0.5475	0.596	0.56125	0.73875	0.5295	0.59825	0.64975	0.5545	0.55725	0.57225	0.6465	0.5745	0.62	0.5995	0.66375	0.46925	0.591	0.61225	0.49375	0.0	0.87025	0.88625
e98	0.61125	0.656	0.60675	0.734	0.87825	0.8805	0.9495	0.84025	0.947	0.96075	0.8705	0.9465	0.919	0.86025	0.86175	0.875	0.89325	0.91375	0.952	0.87325	0.89025	0.89025	0.868	0.8825	0.89425	0.8575	0.8895	0.8145	0.90075	0.89075	0.89675	0.8995	0.9265	0.85225	0.90075	0.9125	0.92875	0.88875	0.9035	0.938	0.883	0.92525	0.92175	0.94425	0.894	0.917	0.87025	0.0	0.594
e99	0.527	0.6295	0.554	0.77275	0.88575	0.881	0.95475	0.82875	0.94025	0.95775	0.87125	0.94425	0.9155	0.91575	0.9245	0.8835	0.90925	0.91425	0.95575	0.89625	0.919	0.9225	0.8635	0.89425	0.9025	0.86625	0.896	0.85925	0.918	0.90875	0.88625	0.89875	0.95025	0.899	0.91525	0.9205	0.94225	0.9345	0.92525	0.947	0.934	0.9405	0.92925	0.95675	0.903	0.90775	0.88625	0.594	0.0
