	e64	e65	e66	e67	e68	e69	e70	e71	e72	e73	e74	e75	e76	e77	e78	e79	e80	e81	e82	e83	e84	e85	e86	e87	e88	e89	e90	e91	e92	e93	e94	e95	e96	e97
e64	0.0	0.7199017199017199	0.6909937888198758	0.7037037037037037	0.7365771812080537	0.7833698030634574	0.6302521008403361	0.6887298747763864	0.666	0.6723549488054608	0.6699410609037328	0.6996197718631179	0.6751054852320675	0.6925418569254186	0.7297687861271677	0.7903682719546742	0.7792207792207793	0.8052373158756138	0.7718794835007173	0.8210526315789474	0.7451403887688985	0.7588126159554731	0.7755834829443446	0.7790055248618785	0.7910112359550562	0.7711038961038961	0.7591911764705882	0.7795527156549521	0.8746355685131195	0.754180602006689	0.8198051948051948	0.7319932998324958	0.7231270358306189	0.7437722419928826
e65	0.7199017199017199	0.0	0.8040540540540541	0.7978723404255319	0.831758034026465	0.8497267759562842	0.7572115384615384	0.804	0.7599067599067599	0.8114602587800369	0.7955555555555556	0.7907488986784141	0.8321273516642547	0.832258064516129	0.8115015974440895	0.8659305993690851	0.8351893095768375	0.8919925512104283	0.8786936236391913	0.8765690376569037	0.7780821917808219	0.841648590021692	0.8459915611814346	0.8596112311015118	0.8076923076923077	0.8711433756805808	0.8362068965517241	0.8563636363636363	0.8486238532110092	0.8576779026217228	0.8851224105461394	0.8286252354048964	0.8513274336283185	0.8511066398390342
e66	0.6909937888198758	0.8040540540540541	0.0	0.6395705521472392	0.738255033557047	0.7739273927392739	0.6911076443057722	0.6950354609929078	0.708018154311649	0.6707988980716253	0.6968325791855203	0.6803030303030303	0.6198044009779952	0.6776232616940582	0.6790582403965304	0.7397094430992736	0.7893982808022922	0.7950065703022339	0.7264957264957265	0.8168044077134986	0.7962382445141066	0.7788873038516405	0.7794943820224719	0.7769784172661871	0.84	0.7225981055480379	0.7668097281831188	0.7823303457106274	0.9127134724857685	0.7285129604365621	0.814526588845655	0.7362784471218207	0.6842818428184282	0.7404795486600846
e67	0.7037037037037037	0.7978723404255319	0.6395705521472392	0.0	0.6537162162162162	0.720682302771855	0.6892655367231638	0.6963087248322147	0.7049180327868853	0.6763285024154589	0.6746323529411765	0.7023172905525846	0.6923076923076923	0.6875	0.7390710382513661	0.7023121387283237	0.7553191489361702	0.7576243980738363	0.6918604651162791	0.7864406779661017	0.7934362934362934	0.6941391941391941	0.735191637630662	0.7352415026833632	0.849802371541502	0.6672212978369384	0.7206405693950177	0.7812971342383107	0.8974358974358975	0.700164744645799	0.8027950310559007	0.6825657894736842	0.6794258373205742	0.6956521739130435
e68	0.7365771812080537	0.831758034026465	0.738255033557047	0.6537162162162162	0.0	0.7145669291338582	0.7474916387959866	0.6867088607594937	0.7094594594594594	0.7410071942446043	0.7035175879396985	0.7483974358974359	0.7390776699029126	0.6850068775790922	0.7692307692307693	0.6433666191155493	0.7289562289562289	0.7909356725146199	0.6855172413793104	0.7536466774716369	0.8021201413427562	0.7082630691399663	0.7415185783521809	0.7290969899665551	0.8496376811594203	0.6921898928024502	0.6620450606585788	0.7804532577903682	0.9072398190045249	0.6965944272445821	0.7552870090634441	0.7157894736842105	0.6928783382789317	0.7511664074650077
e69	0.7833698030634574	0.8497267759562842	0.7739273927392739	0.720682302771855	0.7145669291338582	0.0	0.7706013363028953	0.7263581488933601	0.7200902934537246	0.8063380281690141	0.7644539614561028	0.7679324894514767	0.8124118476727785	0.7817014446227929	0.8161094224924013	0.7619047619047619	0.7289293849658315	0.8566243194192378	0.7865168539325843	0.80083857442348	0.8520286396181385	0.732739420935412	0.7747368421052632	0.7461024498886414	0.8443271767810027	0.776536312849162	0.7222222222222222	0.8206039076376554	0.8871595330739299	0.7352941176470589	0.791907514450867	0.7878228782287823	0.7540983606557377	0.7928286852589641
e70	0.6302521008403361	0.7572115384615384	0.6911076443057722	0.6892655367231638	0.7474916387959866	0.7706013363028953	0.0	0.6193181818181818	0.6551724137931034	0.5875912408759124	0.609504132231405	0.6345381526104418	0.7115384615384616	0.7045454545454546	0.7553342816500711	0.7716763005780347	0.7637051039697542	0.79	0.7543859649122807	0.8342059336823735	0.7290748898678414	0.7616387337057728	0.7717391304347826	0.7659176029962547	0.8289473684210527	0.7574257425742574	0.7844202898550725	0.8012618296529969	0.8597014925373134	0.7670549084858569	0.8578199052132701	0.7365771812080537	0.7399030694668821	0.7396768402154399
e71	0.6887298747763864	0.804	0.6950354609929078	0.6963087248322147	0.6867088607594937	0.7263581488933601	0.6193181818181818	0.0	0.5581395348837209	0.678516228748068	0.6114180478821363	0.6483126110124334	0.7133838383838383	0.6816901408450704	0.7552083333333334	0.7246575342465753	0.7239583333333334	0.8184480234260615	0.7236662106703147	0.7599337748344371	0.7992700729927007	0.7419898819561551	0.7536945812807881	0.7152777777777778	0.8104448742746615	0.7420814479638009	0.7123287671232876	0.7758369723435226	0.8870192307692307	0.7314814814814815	0.7927927927927928	0.7228177641653905	0.7244444444444444	0.7451923076923077
e72	0.666	0.7599067599067599	0.708018154311649	0.7049180327868853	0.7094594594594594	0.7200902934537246	0.6551724137931034	0.5581395348837209	0.0	0.7107843137254902	0.6349206349206349	0.6711281070745698	0.7173620457604307	0.6956521739130435	0.7482419127988749	0.7660485021398002	0.7495327102803738	0.8293838862559242	0.7719546742209632	0.7911504424778761	0.7666666666666667	0.7476979742173112	0.7625	0.7378277153558053	0.7662921348314606	0.7672552166934189	0.7177570093457943	0.7756714060031595	0.8816901408450705	0.7272727272727273	0.7761194029850746	0.7368421052631579	0.7259615384615384	0.7508710801393729
e73	0.6723549488054608	0.8114602587800369	0.6707988980716253	0.6763285024154589	0.7410071942446043	0.8063380281690141	0.5875912408759124	0.678516228748068	0.7107843137254902	0.0	0.6341880341880342	0.6362098138747885	0.6341463414634146	0.7058047493403694	0.7361111111111112	0.7535121328224776	0.7906976744186046	0.7543859649122807	0.7477592829705506	0.8509406657018813	0.7513321492007105	0.779320987654321	0.7982062780269058	0.794162826420891	0.8521739130434782	0.6958456973293768	0.7905918057663126	0.7978290366350068	0.9051724137931034	0.7560975609756098	0.8464673913043478	0.7186588921282799	0.7221438645980254	0.7162790697674418
e74	0.6699410609037328	0.7955555555555556	0.6968325791855203	0.6746323529411765	0.7035175879396985	0.7644539614561028	0.609504132231405	0.6114180478821363	0.6349206349206349	0.6341880341880342	0.0	0.6067193675889329	0.6968876860622463	0.6786786786786787	0.7447698744769874	0.739193083573487	0.744916820702403	0.792604501607717	0.7435530085959885	0.796875	0.7510373443983402	0.7269372693726938	0.7557522123893805	0.7380073800738007	0.8231578947368421	0.7390599675850892	0.7299270072992701	0.8015267175572519	0.8694444444444445	0.7190635451505016	0.8330733229329174	0.7245901639344262	0.7282780410742496	0.7334494773519163
e75	0.6996197718631179	0.7907488986784141	0.6803030303030303	0.7023172905525846	0.7483974358974359	0.7679324894514767	0.6345381526104418	0.6483126110124334	0.6711281070745698	0.6362098138747885	0.6067193675889329	0.0	0.697986577181208	0.7051094890510949	0.7296918767507002	0.7577464788732394	0.7684021543985637	0.8320493066255779	0.7619047619047619	0.8155668358714044	0.7916666666666666	0.7531305903398927	0.7925170068027211	0.7549549549549549	0.8472505091649695	0.7676609105180534	0.7601410934744268	0.8090225563909774	0.893048128342246	0.7826771653543307	0.8508371385083714	0.7676609105180534	0.7584097859327217	0.7643097643097643
e76	0.6751054852320675	0.8321273516642547	0.6198044009779952	0.6923076923076923	0.7390776699029126	0.8124118476727785	0.7115384615384616	0.7133838383838383	0.7173620457604307	0.6341463414634146	0.6968876860622463	0.697986577181208	0.0	0.6070559610705596	0.6670480549199085	0.743109151047409	0.8020304568527918	0.7729468599033816	0.739514348785872	0.8443908323281062	0.7941585535465925	0.7818877551020408	0.801980198019802	0.7895408163265306	0.861878453038674	0.7139334155363748	0.77735368956743	0.8013698630136986	0.9213483146067416	0.7318573185731857	0.8261877172653534	0.7311435523114356	0.6919315403422983	0.7490542244640606
e77	0.6925418569254186	0.832258064516129	0.6776232616940582	0.6875	0.6850068775790922	0.7817014446227929	0.7045454545454546	0.6816901408450704	0.6956521739130435	0.7058047493403694	0.6786786786786787	0.7051094890510949	0.6070559610705596	0.0	0.7103694874851013	0.6902106567534076	0.7539797395079595	0.8114649681528663	0.7006134969325153	0.7830319888734353	0.8121212121212121	0.7380607814761215	0.7464589235127479	0.7227138643067846	0.8385579937304075	0.72	0.7011834319526628	0.7618437900128041	0.9132841328413284	0.6851595006934813	0.7466307277628033	0.6991869918699187	0.6716016150740243	0.7251051893408135
e78	0.7297687861271677	0.8115015974440895	0.6790582403965304	0.7390710382513661	0.7692307692307693	0.8161094224924013	0.7553342816500711	0.7552083333333334	0.7482419127988749	0.7361111111111112	0.7447698744769874	0.7296918767507002	0.6670480549199085	0.7103694874851013	0.0	0.7649082568807339	0.7980900409276944	0.8531889290012034	0.7957589285714286	0.8436692506459949	0.838150289017341	0.8232189973614775	0.8216145833333334	0.8155080213903744	0.8256172839506173	0.7931034482758621	0.793010752688172	0.76625	0.9259259259259259	0.7839195979899497	0.8242574257425742	0.7960687960687961	0.7911164465786314	0.7856209150326797
e79	0.7903682719546742	0.8659305993690851	0.7397094430992736	0.7023121387283237	0.6433666191155493	0.7619047619047619	0.7716763005780347	0.7246575342465753	0.7660485021398002	0.7535121328224776	0.739193083573487	0.7577464788732394	0.743109151047409	0.6902106567534076	0.7649082568807339	0.0	0.718562874251497	0.7979274611398963	0.6708701134930644	0.7409551374819102	0.8161094224924013	0.7287390029325513	0.7588152327221439	0.7244444444444444	0.8571428571428571	0.6917808219178082	0.7274052478134111	0.7571059431524548	0.922509225092251	0.7239512855209743	0.7633689839572193	0.7181208053691275	0.6941489361702128	0.7444444444444445
e80	0.7792207792207793	0.8351893095768375	0.7893982808022922	0.7553191489361702	0.7289562289562289	0.7289293849658315	0.7637051039697542	0.7239583333333334	0.7495327102803738	0.7906976744186046	0.744916820702403	0.7684021543985637	0.8020304568527918	0.7539797395079595	0.7980900409276944	0.718562874251497	0.0	0.8526645768025078	0.7583212735166426	0.7330827067669173	0.7904564315352697	0.7120921305182342	0.7262569832402235	0.7087378640776699	0.781038374717833	0.7836538461538461	0.7322097378277154	0.786053882725832	0.8850574712643678	0.7611940298507462	0.764406779661017	0.7577741407528642	0.7641509433962265	0.7622377622377622
e81	0.8052373158756138	0.8919925512104283	0.7950065703022339	0.7576243980738363	0.7909356725146199	0.8566243194192378	0.79	0.8184480234260615	0.8293838862559242	0.7543859649122807	0.792604501607717	0.8320493066255779	0.7729468599033816	0.8114649681528663	0.8531889290012034	0.7979274611398963	0.8526645768025078	0.0	0.7449392712550608	0.8416149068322981	0.7330754352030948	0.7678275290215588	0.7884615384615384	0.8189102564102564	0.9032258064516129	0.7235023041474654	0.8387596899224806	0.850480109739369	0.909952606635071	0.7866666666666666	0.8702397743300423	0.695447409733124	0.7	0.7677725118483413
e82	0.7718794835007173	0.8786936236391913	0.7264957264957265	0.6918604651162791	0.6855172413793104	0.7865168539325843	0.7543859649122807	0.7236662106703147	0.7719546742209632	0.7477592829705506	0.7435530085959885	0.7619047619047619	0.739514348785872	0.7006134969325153	0.7957589285714286	0.6708701134930644	0.7583212735166426	0.7449392712550608	0.0	0.7100591715976331	0.7947530864197531	0.6485225505443235	0.6971935007385525	0.7157738095238095	0.8611111111111112	0.7171581769436998	0.7300435413642961	0.7704081632653061	0.9087523277467412	0.6746143057503506	0.7472972972972973	0.6558988764044944	0.6520547945205479	0.6945244956772334
e83	0.8210526315789474	0.8765690376569037	0.8168044077134986	0.7864406779661017	0.7536466774716369	0.80083857442348	0.8342059336823735	0.7599337748344371	0.7911504424778761	0.8509406657018813	0.796875	0.8155668358714044	0.8443908323281062	0.7830319888734353	0.8436692506459949	0.7409551374819102	0.7330827067669173	0.8416149068322981	0.7100591715976331	0.0	0.8519230769230769	0.7001897533206831	0.6830188679245283	0.7676950998185118	0.8434237995824635	0.8144171779141104	0.7459165154264973	0.7774294670846394	0.9016393442622951	0.7379767827529021	0.6987740805604203	0.741042345276873	0.7616099071207431	0.7865546218487395
e84	0.7451403887688985	0.7780821917808219	0.7962382445141066	0.7934362934362934	0.8021201413427562	0.8520286396181385	0.7290748898678414	0.7992700729927007	0.7666666666666667	0.7513321492007105	0.7510373443983402	0.7916666666666666	0.7941585535465925	0.8121212121212121	0.838150289017341	0.8161094224924013	0.7904564315352697	0.7330754352030948	0.7947530864197531	0.8519230769230769	0.0	0.7625	0.7811244979919679	0.8024439918533605	0.821882951653944	0.7907801418439716	0.839458413926499	0.8400673400673401	0.8352059925093633	0.8099467140319716	0.8835616438356164	0.7393715341959335	0.773356401384083	0.7405189620758483
e85	0.7588126159554731	0.841648590021692	0.7788873038516405	0.6941391941391941	0.7082630691399663	0.732739420935412	0.7616387337057728	0.7419898819561551	0.7476979742173112	0.779320987654321	0.7269372693726938	0.7531305903398927	0.7818877551020408	0.7380607814761215	0.8232189973614775	0.7287390029325513	0.7120921305182342	0.7678275290215588	0.6485225505443235	0.7001897533206831	0.7625	0.0	0.6634615384615384	0.7123809523809523	0.8251599147121536	0.7272727272727273	0.6920152091254753	0.7990726429675425	0.8823529411764706	0.702054794520548	0.7666666666666667	0.6837606837606838	0.6782752902155887	0.7296819787985865
e86	0.7755834829443446	0.8459915611814346	0.7794943820224719	0.735191637630662	0.7415185783521809	0.7747368421052632	0.7717391304347826	0.7536945812807881	0.7625	0.7982062780269058	0.7557522123893805	0.7925170068027211	0.801980198019802	0.7464589235127479	0.8216145833333334	0.7588152327221439	0.7262569832402235	0.7884615384615384	0.6971935007385525	0.6830188679245283	0.7811244979919679	0.6634615384615384	0.0	0.7380952380952381	0.8489795918367347	0.7897990726429676	0.7414721723518851	0.8012139605462822	0.8773841961852861	0.6954314720812182	0.7429048414023373	0.7014925373134329	0.7019230769230769	0.7422680412371134
e87	0.7790055248618785	0.8596112311015118	0.7769784172661871	0.7352415026833632	0.7290969899665551	0.7461024498886414	0.7659176029962547	0.7152777777777778	0.7378277153558053	0.794162826420891	0.7380073800738007	0.7549549549549549	0.7895408163265306	0.7227138643067846	0.8155080213903744	0.7244444444444444	0.7087378640776699	0.8189102564102564	0.7157738095238095	0.7676950998185118	0.8024439918533605	0.7123809523809523	0.7380952380952381	0.0	0.7969094922737306	0.7287853577371048	0.6495049504950495	0.7800632911392406	0.8706896551724138	0.7318718381112985	0.7643097643097643	0.7308970099667774	0.7011494252873564	0.76
e88	0.7910112359550562	0.8076923076923077	0.84	0.849802371541502	0.8496376811594203	0.8443271767810027	0.8289473684210527	0.8104448742746615	0.7662921348314606	0.8521739130434782	0.8231578947368421	0.8472505091649695	0.861878453038674	0.8385579937304075	0.8256172839506173	0.8571428571428571	0.781038374717833	0.9032258064516129	0.8611111111111112	0.8434237995824635	0.821882951653944	0.8251599147121536	0.8489795918367347	0.7969094922737306	0.0	0.8710247349823321	0.8123667377398721	0.7992565055762082	0.8739495798319328	0.8367346938775511	0.8355640535372849	0.8360655737704918	0.8537005163511188	0.8333333333333334
e89	0.7711038961038961	0.8711433756805808	0.7225981055480379	0.6672212978369384	0.6921898928024502	0.776536312849162	0.7574257425742574	0.7420814479638009	0.7672552166934189	0.6958456973293768	0.7390599675850892	0.7676609105180534	0.7139334155363748	0.72	0.7931034482758621	0.6917808219178082	0.7836538461538461	0.7235023041474654	0.7171581769436998	0.8144171779141104	0.7907801418439716	0.7272727272727273	0.7897990726429676	0.7287853577371048	0.8710247349823321	0.0	0.7001675041876047	0.7816901408450704	0.9056179775280899	0.7239819004524887	0.8051948051948052	0.68	0.6810730253353204	0.7088
e90	0.7591911764705882	0.8362068965517241	0.7668097281831188	0.7206405693950177	0.6620450606585788	0.7222222222222222	0.7844202898550725	0.7123287671232876	0.7177570093457943	0.7905918057663126	0.7299270072992701	0.7601410934744268	0.77735368956743	0.7011834319526628	0.793010752688172	0.7274052478134111	0.7322097378277154	0.8387596899224806	0.7300435413642961	0.7459165154264973	0.839458413926499	0.6920152091254753	0.7414721723518851	0.6495049504950495	0.8123667377398721	0.7001675041876047	0.0	0.7451923076923077	0.8994565217391305	0.694017094017094	0.7441077441077442	0.7463651050080775	0.6943089430894309	0.7564322469982847
e91	0.7795527156549521	0.8563636363636363	0.7823303457106274	0.7812971342383107	0.7804532577903682	0.8206039076376554	0.8012618296529969	0.7758369723435226	0.7756714060031595	0.7978290366350068	0.8015267175572519	0.8090225563909774	0.8013698630136986	0.7618437900128041	0.76625	0.7571059431524548	0.786053882725832	0.850480109739369	0.7704081632653061	0.7774294670846394	0.8400673400673401	0.7990726429675425	0.8012139605462822	0.7800632911392406	0.7992565055762082	0.7816901408450704	0.7451923076923077	0.0	0.9094922737306843	0.7673410404624278	0.7592867756315007	0.7782485875706214	0.7880434782608695	0.76103500761035
e92	0.8746355685131195	0.8486238532110092	0.9127134724857685	0.8974358974358975	0.9072398190045249	0.8871595330739299	0.8597014925373134	0.8870192307692307	0.8816901408450705	0.9051724137931034	0.8694444444444445	0.893048128342246	0.9213483146067416	0.9132841328413284	0.9259259259259259	0.922509225092251	0.8850574712643678	0.909952606635071	0.9087523277467412	0.9016393442622951	0.8352059925093633	0.8823529411764706	0.8773841961852861	0.8706896551724138	0.8739495798319328	0.9056179775280899	0.8994565217391305	0.9094922737306843	0.0	0.8901869158878505	0.9221698113207547	0.88558352402746	0.8993576017130621	0.882051282051282
e93	0.754180602006689	0.8576779026217228	0.7285129604365621	0.700164744645799	0.6965944272445821	0.7352941176470589	0.7670549084858569	0.7314814814814815	0.7272727272727273	0.7560975609756098	0.7190635451505016	0.7826771653543307	0.7318573185731857	0.6851595006934813	0.7839195979899497	0.7239512855209743	0.7611940298507462	0.7866666666666666	0.6746143057503506	0.7379767827529021	0.8099467140319716	0.702054794520548	0.6954314720812182	0.7318718381112985	0.8367346938775511	0.7239819004524887	0.694017094017094	0.7673410404624278	0.8901869158878505	0.0	0.6859903381642513	0.6863354037267081	0.663093415007657	0.7009803921568627
e94	0.8198051948051948	0.8851224105461394	0.814526588845655	0.8027950310559007	0.7552870090634441	0.791907514450867	0.8578199052132701	0.7927927927927928	0.7761194029850746	0.8464673913043478	0.8330733229329174	0.8508371385083714	0.8261877172653534	0.7466307277628033	0.8242574257425742	0.7633689839572193	0.764406779661017	0.8702397743300423	0.7472972972972973	0.6987740805604203	0.8835616438356164	0.7666666666666667	0.7429048414023373	0.7643097643097643	0.8355640535372849	0.8051948051948052	0.7441077441077442	0.7592867756315007	0.9221698113207547	0.6859903381642513	0.0	0.7492447129909365	0.7590711175616836	0.7783018867924528
e95	0.7319932998324958	0.8286252354048964	0.7362784471218207	0.6825657894736842	0.7157894736842105	0.7878228782287823	0.7365771812080537	0.7228177641653905	0.7368421052631579	0.7186588921282799	0.7245901639344262	0.7676609105180534	0.7311435523114356	0.6991869918699187	0.7960687960687961	0.7181208053691275	0.7577741407528642	0.695447409733124	0.6558988764044944	0.741042345276873	0.7393715341959335	0.6837606837606838	0.7014925373134329	0.7308970099667774	0.8360655737704918	0.68	0.7463651050080775	0.7782485875706214	0.88558352402746	0.6863354037267081	0.7492447129909365	0.0	0.6018957345971564	0.659468438538206
e96	0.7231270358306189	0.8513274336283185	0.6842818428184282	0.6794258373205742	0.6928783382789317	0.7540983606557377	0.7399030694668821	0.7244444444444444	0.7259615384615384	0.7221438645980254	0.7282780410742496	0.7584097859327217	0.6919315403422983	0.6716016150740243	0.7911164465786314	0.6941489361702128	0.7641509433962265	0.7	0.6520547945205479	0.7616099071207431	0.773356401384083	0.6782752902155887	0.7019230769230769	0.7011494252873564	0.8537005163511188	0.6810730253353204	0.6943089430894309	0.7880434782608695	0.8993576017130621	0.663093415007657	0.7590711175616836	0.6018957345971564	0.0	0.6504854368932039
e97	0.7437722419928826	0.8511066398390342	0.7404795486600846	0.6956521739130435	0.7511664074650077	0.7928286852589641	0.7396768402154399	0.7451923076923077	0.7508710801393729	0.7162790697674418	0.7334494773519163	0.7643097643097643	0.7490542244640606	0.7251051893408135	0.7856209150326797	0.7444444444444445	0.7622377622377622	0.7677725118483413	0.6945244956772334	0.7865546218487395	0.7405189620758483	0.7296819787985865	0.7422680412371134	0.76	0.8333333333333334	0.7088	0.7564322469982847	0.76103500761035	0.882051282051282	0.7009803921568627	0.7783018867924528	0.659468438538206	0.6504854368932039	0.0
